[
    #mesh_full = 
    [
        #anim = [],
        #controlpoints = [0.0, 0.0, 0.0, 1.0, 0.0, 0.0, 0.0, 0.0, 1.0, 1.0, 0.0, 1.0],
        #parts =
        [
            #part =
            [
                #tex = "grass",
                #flatshading = 1,
                #twosided = 0,
                #blended = 0,
                #normalsmode = 0,
                #texcoordsmode = 0,
                #vertices = [ [ 0.0, 0.0, 0.0 ],
                              [ 0.0, 0.0, 1.0 ],
                              [ 1.0, 0.0, 1.0 ],
                              [ 1.0, 0.0, 0.0 ]
                            ],
                #texcoords = [ [ 0.0, 0.0 ],
                               [ 0.0, 1.0 ],
                               [ 1.0, 1.0 ],
                               [ 1.0, 0.0 ]
                             ],
                #normals = [ [ 0.0, 1.0, 0.0 ] ],
                #faces = [ [ 0, 1, 2, 3 ] ]
            ]
        ]
    ],

    #mesh_side =
    [
        #anim = [],
        #controlpoints = [0.0, 0.0, 0.0, 0.5, 0.0, 0.0, 0.0, -2.0, 0.0, 0.5, -2.0, 0.0, 0.0, -0.3, 0.3, 0.5, -0.3, 0.3],
        #parts =
        [
            #part =
            [
                #tex = "soil",
                #flatshading = 0,
                #twosided = 0,
                #blended = 0,
                #normalsmode = 1,
                #texcoordsmode = 0,
                #vertices = [ [ 0.0, 0.0, 0.0 ],
                              [ 0.5, 0.0, 0.0 ],
                              [ 0.0, -0.0625, 0.125 ],
                              [ 0.5, -0.0625, 0.125 ],
                              [ 0.0, -0.25, 0.25 ],
                              [ 0.5, -0.25, 0.25 ],
                              [ 0.0, -0.5, 0.25 ],
                              [ 0.5, -0.5, 0.25 ],
                              [ 0.0, -2.0, 0.0 ],
                              [ 0.5, -2.0, 0.0 ]
                            ],
                #normals = [ [ 0.0, 1.0, 0.0 ],
                             [ 0.0, 1.0, 0.0 ],
                             [ 0.0, 0.985, 0.17 ],
                             [ 0.0, 0.985, 0.17 ],
                             [ 0.0, 0.2955, 0.955 ],
                             [ 0.0, 0.2955, 0.955 ],
                             [ 0.0, -0.2955, 0.955 ],
                             [ 0.0, -0.2955, 0.955 ],
                             [ 0.0, -0.565, 0.825 ],
                             [ 0.0, -0.565, 0.825 ]
                           ],
                #texcoords = [ [ 0.0, 0.0 ],
                               [ 1.0, 0.0 ],
                               [ 0.0, 0.15 ],
                               [ 1.0, 0.15 ],
                               [ 0.0, 0.35 ],
                               [ 1.0, 0.35 ],
                               [ 0.0, 0.55 ],
                               [ 1.0, 0.55 ],
                               [ 0.0, 1.0 ],
                               [ 1.0, 1.0 ]
                             ],
                #faces = [ [ 0, 2, 3, 1],
                           [ 2, 4, 5, 3],
                           [ 4, 6, 7, 5],
                           [ 6, 8, 9, 7]
                         ]
            ]
        ]
    ],

    #mesh_cornerint =
    [
        #anim = [],
        #controlpoints = [0.0, 0.0, 0.5, 0.5, 0.0, 0.0, 0.0, 0.0, 0.0,
                          0.0, -2.0, 0.5, 0.5, -2.0, 0.0, 0.0, -2.0, 0.0],
        #parts =
        [
            #part =
            [
                #tex = "soil",
                #flatshading = 0,
                #twosided = 0,
                #blended = 0,
                #normalsmode = 1,
                #texcoordsmode = 0,
                #vertices = [ [ 0.0, 0.0, 0.5 ],
                              [ 0.125, -0.0625, 0.5 ],
                              [ 0.25, -0.25, 0.5 ],
                              [ 0.25, -0.5, 0.5 ],
                              [ 0.0, -2.0, 0.5 ],
                              [ 0.0, 0.0, 0.0 ],
                              [ 0.2, -0.0625, 0.2 ],
                              [ 0.3, -0.25, 0.3 ],
                              [ 0.3, -0.5, 0.3 ],
                              [ 0.0, -2.0, 0.0 ],
                              [ 0.5, 0.0, 0.0 ],
                              [ 0.5, -0.0625, 0.125 ],
                              [ 0.5, -0.25, 0.25 ],
                              [ 0.5, -0.5, 0.25 ],
                              [ 0.5, -2.0, 0.0 ]
                            ],
                #normals = [ [ 0.0, 1.0, 0.0 ],
                             [ 0.17, 0.985, 0.0 ],
                             [ 0.955, 0.2955, 0.0 ],
                             [ 0.955, -0.2955, 0.0 ],
                             [ 0.825, -0.565, 0.0 ],
                             [ 0.0, 1.0, 0.0 ],
                             [ 0.12, 0.985, 0.12 ],
                             [ 0.675, 0.2955, 0.675 ],
                             [ 0.675, -0.2955, 0.675 ],
                             [ 0.583, -0.565, 0.583 ],
                             [ 0.0, 1.0, 0.0 ],
                             [ 0.0, 0.985, 0.17 ],
                             [ 0.0, 0.2955, 0.955 ],
                             [ 0.0, -0.2955, 0.955 ],
                             [ 0.0, -0.565, 0.825 ]
                           ],
                #texcoords = [ [ 0.0, 0.0 ],
                               [ 0.0, 0.15 ],
                               [ 0.0, 0.35 ],
                               [ 0.0, 0.55 ],
                               [ 0.0, 1.0 ],
                               [ 0.5, 0.0 ],
                               [ 0.5, 0.15 ],
                               [ 0.5, 0.35 ],
                               [ 0.5, 0.55 ],
                               [ 0.5, 1.0 ],
                               [ 1.0, 0.0 ],
                               [ 1.0, 0.15 ],
                               [ 1.0, 0.35 ],
                               [ 1.0, 0.55 ],
                               [ 1.0, 1.0 ]
                             ],
                #faces = [ [ 0, 1, 6, 5 ],
                           [ 1, 2, 7, 6 ],
                           [ 2, 3, 8, 7 ],
                           [ 3, 4, 9, 8 ],
                           [ 5, 6, 11, 10 ],
                           [ 6, 7, 12, 11 ],
                           [ 7, 8, 13, 12 ],
                           [ 8, 9, 14, 13 ]
                         ]
            ]
        ]
    ],


    #mesh_cornerext =
    [
        #anim = [],
        #controlpoints = [0.0, 0.0, 0.3, 0.3, 0.0, 0.0, 0.0, 0.0, 0.0,
                          0.0, -2.0, 0.3, 0.3, -2.0, 0.0, 0.0, -2.0, 0.0],
        #parts =
        [
            #part =
            [
                #tex = "soil",
                #flatshading = 0,
                #twosided = 0,
                #blended = 0,
                #normalsmode = 1,
                #texcoordsmode = 0,
                #vertices = [ [ 0.0, 0.0, 0.0 ],
                              [ 0.0, -0.0625, 0.125 ],
                              [ 0.0, -0.25, 0.25 ],
                              [ 0.0, -0.5, 0.25 ],
                              [ 0.0, -2.0, 0.0 ],
                              [ 0.0, 0.0, 0.0 ],
                              [ 0.075, -0.0625, 0.075 ],
                              [ 0.15, -0.25, 0.15 ],
                              [ 0.15, -0.5, 0.15 ],
                              [ 0.0, -2.0, 0.0 ],
                              [ 0.0, 0.0, 0.0 ],
                              [ 0.125, -0.0625, 0.0 ],
                              [ 0.25, -0.25, 0.0 ],
                              [ 0.25, -0.5, 0.0 ],
                              [ 0.0, -2.0, 0.0 ]
                            ],
                #normals = [ [ 0.0, 1.0, 0.0 ],
                             [ 0.0, 0.985, 0.17 ],
                             [ 0.0, 0.2955, 0.955 ],
                             [ 0.0, -0.2955, 0.955 ],
                             [ 0.0, -0.565, 0.825 ],
                             [ 0.0, 1.0, 0.0 ],
                             [ 0.12, 0.985, 0.12 ],
                             [ 0.675, 0.2955, 0.675 ],
                             [ 0.675, -0.2955, 0.675 ],
                             [ 0.583, -0.565, 0.583 ],
                             [ 0.0, 1.0, 0.0 ],
                             [ 0.17, 0.985, 0.0 ],
                             [ 0.955, 0.2955, 0.0 ],
                             [ 0.955, -0.2955, 0.0 ],
                             [ 0.825, -0.565, 0.0 ]
                           ],
                #texcoords = [ [ 0.0, 0.0 ],
                               [ 0.0, 0.15 ],
                               [ 0.0, 0.35 ],
                               [ 0.0, 0.55 ],
                               [ 0.0, 1.0 ],
                               [ 0.5, 0.0 ],
                               [ 0.5, 0.15 ],
                               [ 0.5, 0.35 ],
                               [ 0.5, 0.55 ],
                               [ 0.5, 1.0 ],
                               [ 1.0, 0.0 ],
                               [ 1.0, 0.15 ],
                               [ 1.0, 0.35 ],
                               [ 1.0, 0.55 ],
                               [ 1.0, 1.0 ]
                             ],
                #faces = [ [ 0, 1, 6, 5 ],
                           [ 1, 2, 7, 6 ],
                           [ 2, 3, 8, 7 ],
                           [ 3, 4, 9, 8 ],
                           [ 5, 6, 11, 10 ],
                           [ 6, 7, 12, 11 ],
                           [ 7, 8, 13, 12 ],
                           [ 8, 9, 14, 13 ]
                         ]
            ]
        ]
    ]
]
