#mesh_bridge =
[
    #anim = [],
    
    #controlpoints = [0.0, -0.03, 0.0, 1.0, -0.03, 0.0, 0.0, -0.03, 1.0, 1.0, -0.03, 1.0,
                      0.0, -0.4, 0.0, 1.0, -0.4, 0.0, 0.0, -0.4, 1.0, 1.0, -0.4, 1.0],
    
    #parts =
    [
        #part01_top =
        [
            #tex = "bridge_top",
            #flatshading = 1,
            #twosided = 0,
            #blended = 0,
            #normalsmode = 0,
            #texcoordsmode = 1,
            #vertices =
            [
                [ 0.0, -0.03, 0.0 ],
                [ 0.0, -0.03, 1.0 ],
                [ 1.0, -0.03, 1.0 ],
                [ 1.0, -0.03, 0.0 ]
            ],
            #texcoords =
            [
                [ 0.0, 0.0 ],
                [ 0.0, 1.0 ],
                [ 1.0, 1.0 ],
                [ 1.0, 0.0 ]
            ],
            #normals =
            [ 
                [ 0.0, 1.0, 0.0 ]
            ],
            #faces =
            [
                [ 0, 1, 2, 3 ]
            ]
        ],
        #part02_sides =
        [
            #tex = "bridge_side",
            #flatshading = 1,
            #twosided = 0,
            #blended = 0,
            #normalsmode = 0,
            #texcoordsmode = 1,
            #vertices =
            [ 
                [ 0.0, -0.03, 1.0 ],
                [ 0.0, -0.4, 1.0 ],
                [ 1.0, -0.4, 1.0 ],
                [ 1.0, -0.03, 1.0 ],
                [ 0.0, -0.03, 0.0 ],
                [ 0.0, -0.4, 0.0 ],
                [ 1.0, -0.4, 0.0 ],
                [ 1.0, -0.03, 0.0 ]
            ],
            #texcoords =
            [
                [ 0.0, 0.0 ],
                [ 0.0, 1.0 ],
                [ 1.0, 1.0 ],
                [ 1.0, 0.0 ],
                [ 0.0, 0.0 ],
                [ 0.0, 1.0 ],
                [ 1.0, 1.0 ],
                [ 1.0, 0.0 ],
                [ 0.0, 0.0 ],
                [ 0.0, 1.0 ],
                [ 1.0, 1.0 ],
                [ 1.0, 0.0 ],
                [ 0.0, 0.0 ],
                [ 0.0, 1.0 ],
                [ 1.0, 1.0 ],
                [ 1.0, 0.0 ]
            ],
            #normals =
            [
                [ 0.0, 0.0, 1.0 ],
                [ 0.0, 0.0, -1.0 ],
                [ -1.0, 0.0, 0.0 ],
                [ 1.0, 0.0, 0.0 ]
            ],
            #faces =
            [
                [ 0, 1, 2, 3 ], 
                [ 6, 5, 4, 7 ],
                [ 4, 5, 1, 0 ],
                [ 3, 2, 6, 7 ]
            ]
        ]
    ]
]
