[
    #anim =
    [
        #static = 
        [
            #part0 = [#x = [0, 0.5], #y = [0, 0.0], #z = [0, 0.5], #angh = [0, 0.0], #angv = [0, 0.0]],
            #part1 = [#x = [0, 0.5], #y = [0, 0.0], #z = [0, 0.5], #angh = [0, 0.0], #angv = [0, 0.0]],
            #part2 = [#x = [0, 0.5], #y = [0, 0.0], #z = [0, 0.5], #angh = [0, 0.0], #angv = [0, 0.0]],
            #part3 = [#x = [0, 0.5], #y = [0, 0.0], #z = [0, 0.5], #angh = [0, 0.0], #angv = [0, 0.0]]
        ],
        #idle = 
        [
            #part0 = [#x = [0, 0.5], #y = [0, 0.0], #z = [0, 0.5], #angh = [0, 0.0], #angv = [0, 0.0]],
            #part1 = [#x = [0, 0.5], #y = [0, 0.0], #z = [0, 0.5], #angh = [0, 0.0, 1400, -6.2831853], #angv = [0, 0.0]],
            #part2 = [#x = [0, 0.5], #y = [0, 0.0], #z = [0, 0.5], #angh = [0, 0.0], #angv = [0, 0.0]],
            #part3 = [#x = [0, 0.5], #y = [0, 0.0], #z = [0, 0.5], #angh = [0, 0.0], #angv = [0, 0.0]]
        ]
    ],
    
    #controlpoints = [0.0, 0.0, 0.0, 1.0, 0.0, 0.0, 0.0, 0.0, 1.0, 1.0, 0.0, 1.0,
                      0.0, 0.3, 0.0, 1.0, 0.3, 0.0, 0.0, 0.3, 1.0, 1.0, 0.3, 1.0],

    #parts =
    [
        #part00_holder =
        [
            #tex = "discthrower_holder",
            #flatshading = 0,
            #twosided = 0,
            #blended = 0,
            #normalsmode = 1,
            #texcoordsmode = 1,
            #vertices =
            [
                [0.030406,0.147562,-0.035705],
                [0.045194,0.147562,-0.000003],
                [0.030406,0.147562,0.035699],
                [-0.005296,0.147562,0.050488],
                [-0.040999,0.147562,0.035699],
                [-0.055787,0.147562,-0.000003],
                [-0.040999,0.147562,-0.035705],
                [-0.005296,0.147562,-0.050493],
                [0.029612,0.160059,-0.034911],
                [0.044071,0.160059,-0.000003],
                [0.029612,0.160059,0.034905],
                [-0.005296,0.160059,0.049365],
                [-0.040204,0.160059,0.034905],
                [-0.054664,0.160059,-0.000003],
                [-0.040204,0.160059,-0.034911],
                [-0.005296,0.160059,-0.049370],
                [-0.005296,0.167336,-0.032395],
                [-0.028201,0.167336,-0.022908],
                [-0.037689,0.167336,-0.000003],
                [-0.028201,0.167336,0.022902],
                [-0.005296,0.167336,0.032390],
                [0.017609,0.167336,0.022902],
                [0.027096,0.167336,-0.000003],
                [0.017609,0.167336,-0.022908],
                [0.002608,0.202383,-0.007907],
                [0.005882,0.202383,-0.000003],
                [0.002608,0.202383,0.007902],
                [-0.005296,0.202383,0.011176],
                [-0.013200,0.202383,0.007902],
                [-0.016474,0.202383,-0.000003],
                [-0.013200,0.202383,-0.007907],
                [-0.005296,0.202383,-0.011181],
                [-0.005296,0.218423,-0.000003],
                [-0.005296,0.218286,-0.004641],
                [-0.008576,0.218286,-0.003282],
                [-0.009935,0.218286,-0.000003],
                [-0.008576,0.218286,0.003277],
                [-0.005296,0.218286,0.004636],
                [-0.002017,0.218286,0.003277],
                [-0.000658,0.218286,-0.000003],
                [-0.002017,0.218286,-0.003282],
                [0.002608,0.194643,-0.007907],
                [-0.005296,0.194643,-0.011181],
                [-0.013200,0.194643,-0.007907],
                [-0.016474,0.194643,-0.000003],
                [-0.013200,0.194643,0.007902],
                [-0.005296,0.194643,0.011176],
                [0.002608,0.194643,0.007902],
                [0.005882,0.194643,-0.000003]
            ],
            #normals =
            [
                [0.704270,0.089483,-0.704270],
                [0.995988,0.089482,0.000000],
                [0.704270,0.089483,0.704270],
                [0.000000,0.089482,0.995988],
                [-0.704270,0.089483,0.704270],
                [-0.995988,0.089482,0.000000],
                [-0.704270,0.089483,-0.704270],
                [0.000000,0.089482,-0.995988],
                [0.597743,0.534234,-0.597743],
                [0.845330,0.534244,0.000000],
                [0.597743,0.534234,0.597743],
                [0.000000,0.534231,0.845339],
                [-0.597743,0.534234,0.597743],
                [-0.845330,0.534244,0.000000],
                [-0.597743,0.534234,-0.597743],
                [0.000000,0.534231,-0.845339],
                [0.000000,0.919110,-0.394000],
                [-0.278581,0.919122,-0.278581],
                [-0.394000,0.919110,0.000000],
                [-0.278581,0.919122,0.278581],
                [0.000000,0.919110,0.394000],
                [0.278581,0.919122,0.278581],
                [0.394000,0.919110,0.000000],
                [0.278581,0.919122,-0.278581],
                [0.694832,0.185404,-0.694862],
                [0.982662,0.185405,0.000000],
                [0.694847,0.185408,0.694847],
                [0.000000,0.185405,0.982662],
                [-0.694847,0.185408,0.694847],
                [-0.982662,0.185405,0.000000],
                [-0.694832,0.185404,-0.694862],
                [0.000000,0.185405,-0.982662],
                [0.000000,1.000000,0.000000],
                [0.000000,0.762277,-0.647251],
                [-0.457670,0.762284,-0.457670],
                [-0.647251,0.762277,0.000000],
                [-0.457670,0.762284,0.457670],
                [0.000000,0.762277,0.647251],
                [0.457670,0.762284,0.457670],
                [0.647251,0.762277,0.000000],
                [0.457670,0.762284,-0.457670],
                [0.707107,0.000000,-0.707107],
                [0.000000,0.000000,-1.000000],
                [-0.707107,0.000000,-0.707107],
                [-1.000000,0.000000,0.000000],
                [-0.707107,0.000000,0.707107],
                [0.000000,0.000000,1.000000],
                [0.707107,0.000000,0.707107],
                [1.000000,0.000000,0.000000]
            ],
            #texcoords =
            [
                [0.835938,0.187500],
                [0.765625,0.265625],
                [0.507812,0.156250],
                [0.507812,0.070312],
                [0.507812,0.070312],
                [0.507812,0.156250],
                [0.242188,0.265625],
                [0.171875,0.187500],
                [0.171875,0.187500],
                [0.242188,0.265625],
                [0.117188,0.500000],
                [0.015625,0.500000],
                [0.015625,0.500000],
                [0.117188,0.500000],
                [0.242188,0.726562],
                [0.171875,0.804688],
                [0.171875,0.804688],
                [0.242188,0.726562],
                [0.507812,0.835938],
                [0.507812,0.921875],
                [0.507812,0.921875],
                [0.507812,0.835938],
                [0.765625,0.734375],
                [0.835938,0.804688],
                [0.835938,0.804688],
                [0.765625,0.734375],
                [0.890625,0.500000],
                [0.992188,0.500000],
                [0.765625,0.265625],
                [0.835938,0.187500],
                [0.992188,0.500000],
                [0.890625,0.500000],
                [0.765625,0.265625],
                [0.890625,0.500000],
                [0.757812,0.500000],
                [0.687500,0.367188],
                [0.890625,0.500000],
                [0.765625,0.734375],
                [0.679688,0.625000],
                [0.757812,0.500000],
                [0.765625,0.734375],
                [0.507812,0.835938],
                [0.507812,0.695312],
                [0.679688,0.625000],
                [0.507812,0.835938],
                [0.242188,0.726562],
                [0.320312,0.625000],
                [0.507812,0.695312],
                [0.242188,0.726562],
                [0.117188,0.500000],
                [0.250000,0.500000],
                [0.320312,0.625000],
                [0.117188,0.500000],
                [0.242188,0.265625],
                [0.320312,0.367188],
                [0.250000,0.500000],
                [0.242188,0.265625],
                [0.507812,0.156250],
                [0.507812,0.296875],
                [0.320312,0.367188],
                [0.507812,0.156250],
                [0.765625,0.265625],
                [0.687500,0.367188],
                [0.507812,0.296875],
                [0.319528,0.320596],
                [0.351034,0.200690],
                [0.532804,0.253323],
                [0.534237,0.259585],
                [0.351034,0.200690],
                [0.450076,0.138959],
                [0.539411,0.242629],
                [0.532804,0.253323],
                [0.450076,0.138959],
                [0.552075,0.152747],
                [0.549375,0.235417],
                [0.539411,0.242629],
                [0.552075,0.152747],
                [0.612084,0.223354],
                [0.556573,0.234642],
                [0.549375,0.235417],
                [0.612084,0.223354],
                [0.606283,0.315835],
                [0.557172,0.239111],
                [0.556573,0.234642],
                [0.606283,0.315835],
                [0.532834,0.387940],
                [0.551226,0.246055],
                [0.557172,0.239111],
                [0.532834,0.387940],
                [0.416545,0.397782],
                [0.542130,0.253480],
                [0.551226,0.246055],
                [0.416545,0.397782],
                [0.319528,0.320596],
                [0.534237,0.259585],
                [0.542130,0.253480],
                [0.990000,0.097739],
                [0.542130,0.253480],
                [0.534237,0.259585],
                [0.990000,0.097739],
                [0.551226,0.246055],
                [0.542130,0.253480],
                [0.990000,0.097739],
                [0.557172,0.239111],
                [0.551226,0.246055],
                [0.990000,0.097739],
                [0.556573,0.234642],
                [0.557172,0.239111],
                [0.990000,0.097739],
                [0.549375,0.235417],
                [0.556573,0.234642],
                [0.990000,0.097739],
                [0.539411,0.242629],
                [0.549375,0.235417],
                [0.990000,0.097739],
                [0.532804,0.253323],
                [0.539411,0.242629],
                [0.990000,0.097739],
                [0.534237,0.259585],
                [0.532804,0.253323],
                [0.351034,0.200690],
                [0.319528,0.320596],
                [0.010000,0.423479],
                [0.184997,0.108091],
                [0.450076,0.138959],
                [0.351034,0.200690],
                [0.184997,0.108091],
                [0.411295,0.010000],
                [0.552075,0.152747],
                [0.450076,0.138959],
                [0.411295,0.010000],
                [0.600430,0.055977],
                [0.612084,0.223354],
                [0.552075,0.152747],
                [0.600430,0.055977],
                [0.706630,0.191928],
                [0.606283,0.315835],
                [0.612084,0.223354],
                [0.706630,0.191928],
                [0.702947,0.364403],
                [0.532834,0.387940],
                [0.606283,0.315835],
                [0.702947,0.364403],
                [0.578970,0.514454],
                [0.416545,0.397782],
                [0.532834,0.387940],
                [0.578970,0.514454],
                [0.338979,0.571352],
                [0.319528,0.320596],
                [0.416545,0.397782],
                [0.338979,0.571352],
                [0.010000,0.423479]
            ],
            #faces =
            [
                [0,8,9,1],
                [1,9,10,2],
                [2,10,11,3],
                [3,11,12,4],
                [4,12,13,5],
                [5,13,14,6],
                [6,14,15,7],
                [8,0,7,15],
                [8,15,16,23],
                [15,14,17,16],
                [14,13,18,17],
                [13,12,19,18],
                [12,11,20,19],
                [11,10,21,20],
                [10,9,22,21],
                [9,8,23,22],
                [24,31,33,40],
                [31,30,34,33],
                [30,29,35,34],
                [29,28,36,35],
                [28,27,37,36],
                [27,26,38,37],
                [26,25,39,38],
                [25,24,40,39],
                [32,39,40],
                [32,38,39],
                [32,37,38],
                [32,36,37],
                [32,35,36],
                [32,34,35],
                [32,33,34],
                [32,40,33],
                [31,24,41,42],
                [30,31,42,43],
                [29,30,43,44],
                [28,29,44,45],
                [27,28,45,46],
                [26,27,46,47],
                [25,26,47,48],
                [24,25,48,41]
            ]
        ],

        #part01_arm =
        [
            #tex = "discthrower_arm",
            #flatshading = 0,
            #twosided = 0,
            #blended = 0,
            #normalsmode = 1,
            #texcoordsmode = 1,
            #vertices =
            [
                [0.011924,0.167631,0.045798],
                [-0.018170,0.167631,0.047185],
                [-0.043332,0.167631,0.030619],
                [-0.053951,0.167631,0.002426],
                [-0.045970,0.167631,-0.026624],
                [-0.022439,0.167631,-0.045435],
                [0.007655,0.167631,-0.046822],
                [0.032817,0.167631,-0.030255],
                [0.043436,0.167631,-0.002063],
                [0.035455,0.167631,0.026987],
                [0.011924,0.195396,0.045798],
                [-0.018170,0.195396,0.047185],
                [-0.043332,0.195396,0.030619],
                [-0.053951,0.195396,0.002426],
                [-0.045970,0.195396,-0.026624],
                [-0.022439,0.195396,-0.045435],
                [0.007655,0.195396,-0.046822],
                [0.032817,0.195396,-0.030255],
                [0.043436,0.195396,-0.002063],
                [0.035455,0.195396,0.026987],
                [-0.005257,0.195396,0.000182],
                [-0.081434,0.195396,0.012778],
                [-0.070815,0.195396,0.040970],
                [-0.081434,0.167631,0.012778],
                [-0.070815,0.167631,0.040970],
                [-0.041376,0.195396,-0.069124],
                [-0.064907,0.195396,-0.050312],
                [-0.041376,0.167631,-0.069124],
                [-0.064907,0.167631,-0.050312],
                [-0.171184,0.173232,-0.065865],
                [-0.157147,0.173232,-0.077086],
                [-0.171184,0.189795,-0.065865],
                [-0.157147,0.189795,-0.077086],
                [-0.174709,0.173232,-0.011412],
                [-0.181043,0.173232,-0.028229],
                [-0.174709,0.189795,-0.011412],
                [-0.181043,0.189795,-0.028229],
                [0.035455,0.195396,0.026987],
                [0.043436,0.195396,-0.002063],
                [0.035455,0.167631,0.026987],
                [0.043436,0.167631,-0.002063],
                [0.050992,0.167631,0.046423],
                [0.050992,0.195396,0.046423],
                [0.050992,0.195396,0.046423],
                [0.027461,0.195396,0.065234],
                [0.050992,0.167631,0.046423],
                [0.027461,0.167631,0.065234],
                [0.065604,0.167631,-0.010412],
                [0.065604,0.195396,-0.010412],
                [0.065604,0.195396,-0.010412],
                [0.054985,0.195396,-0.038605],
                [0.065604,0.167631,-0.010412],
                [0.054985,0.167631,-0.038605],
                [0.099592,0.167631,-0.026351],
                [0.110211,0.167631,0.001842],
                [0.099592,0.195396,-0.026351],
                [0.110211,0.195396,0.001842],
                [0.110211,0.195396,0.001842],
                [0.110211,0.167631,0.001842],
                [0.072068,0.167631,0.077488],
                [0.095599,0.167631,0.058677],
                [0.072068,0.195396,0.077488],
                [0.095599,0.195396,0.058677],
                [0.095599,0.195396,0.058677],
                [0.095599,0.167631,0.058677],
                [0.294655,0.174339,0.102228],
                [0.284125,0.189676,0.099099],
                [0.275619,0.191370,0.098777],
                [0.286165,0.189651,0.114365],
                [0.295468,0.172619,0.104048],
                [0.283484,0.174400,0.113764],
                [0.304127,0.174400,0.065162],
                [0.293399,0.189651,0.062511],
                [0.286029,0.191370,0.058505],
                [0.303099,0.189651,0.050383],
                [0.305736,0.172618,0.063937],
                [0.300475,0.174400,0.049544],
                [0.336815,0.175244,0.062925],
                [0.341634,0.173503,0.075719],
                [0.336252,0.188743,0.061262],
                [0.339873,0.188743,0.076921],
                [0.342109,0.175244,0.077465],
                [0.321646,0.175245,0.120646],
                [0.336112,0.173432,0.111414],
                [0.320203,0.188743,0.121818],
                [0.336112,0.189594,0.111414],
                [0.336112,0.173432,0.111414],
                [0.336112,0.173432,0.111414],
                [0.336112,0.189594,0.111414],
                [0.336112,0.189594,0.111414],
                [0.327313,0.188786,0.121866],
                [0.336112,0.173432,0.111414],
                [0.328367,0.175369,0.121715],
                [0.348708,0.175374,0.079701],
                [0.347848,0.188806,0.079417],
                [0.348215,0.190255,0.078029],
                [0.342500,0.188806,0.064821],
                [0.348087,0.173704,0.077990],
                [0.343353,0.175374,0.065484],
                [0.375199,0.174684,0.076936],
                [0.380423,0.174684,0.090805],
                [0.375199,0.188343,0.076936],
                [0.380423,0.188343,0.090805],
                [0.380423,0.188343,0.090805],
                [0.380423,0.174684,0.090805],
                [0.361659,0.174684,0.128019],
                [0.373235,0.174684,0.118765],
                [0.361659,0.188343,0.128019],
                [0.373235,0.188343,0.118765],
                [0.373235,0.188343,0.118765],
                [0.373235,0.174684,0.118765],
                [0.342598,0.197344,0.064779],
                [0.347675,0.197388,0.078107],
                [0.345038,0.197343,0.078422],
                [0.327407,0.197355,0.121888],
                [0.336300,0.197439,0.111465],
                [0.336300,0.197439,0.111465],
                [0.336300,0.197439,0.111465],
                [0.321155,0.197383,0.121996],
                [0.341876,0.197385,0.077504],
                [0.337283,0.197385,0.061627],
                [0.324753,0.197663,0.058614],
                [0.318116,0.197771,0.068554],
                [0.320410,0.197663,0.070946],
                [0.308981,0.197663,0.118235],
                [0.308341,0.197771,0.106354],
                [0.311640,0.197662,0.105494],
                [0.322632,0.204114,0.108429],
                [0.321054,0.204396,0.109645],
                [0.312278,0.204112,0.118450],
                [0.331482,0.204114,0.074015],
                [0.330758,0.204395,0.072154],
                [0.327860,0.204114,0.060152],
                [0.341486,0.204189,0.064363],
                [0.346766,0.204820,0.077487],
                [0.346905,0.204198,0.079064],
                [0.322974,0.204133,0.120940],
                [0.337288,0.204833,0.112859],
                [0.338543,0.204199,0.111907],
                [0.340571,0.203985,0.112343],
                [0.338739,0.204174,0.113123],
                [0.328685,0.203982,0.121834],
                [0.349046,0.203965,0.079819],
                [0.350370,0.203671,0.080211],
                [0.344314,0.203681,0.064349],
                [0.374761,0.203768,0.076425],
                [0.380017,0.203768,0.090381],
                [0.380017,0.203768,0.090381],
                [0.361136,0.203768,0.127828],
                [0.372784,0.203768,0.118516],
                [0.372784,0.203768,0.118516],
                [0.372784,0.203768,0.118516],
                [0.372784,0.203768,0.118516],
                [0.380017,0.203768,0.090381],
                [0.380017,0.203768,0.090381],
                [0.374761,0.203768,0.076425],
                [0.372630,0.197338,0.118473],
                [0.360982,0.197338,0.127785],
                [0.379863,0.197338,0.090339],
                [0.374607,0.197338,0.076383]
            ],
            #normals =
            [
                [-0.412469,0.000000,0.910972],
                [-0.264876,0.000000,0.964283],
                [-0.110783,0.000000,0.993845],
                [-0.738920,0.000000,-0.673793],
                [-0.979441,0.000000,0.201730],
                [0.412469,0.000000,-0.910972],
                [0.264876,0.000000,-0.964283],
                [0.110783,0.000000,-0.993845],
                [0.250804,0.967965,-0.011902],
                [0.204386,0.966447,0.155586],
                [-0.233199,0.824849,0.515016],
                [-0.202710,0.643716,0.737929],
                [-0.062626,0.824854,0.561866],
                [-0.417753,0.824855,-0.380916],
                [-0.553705,0.824866,0.114049],
                [0.233199,0.824849,-0.515016],
                [0.202710,0.643716,-0.737929],
                [0.062625,0.824864,-0.561852],
                [0.000000,1.000000,0.000000],
                [0.000000,1.000000,0.000000],
                [0.000000,1.000000,0.000000],
                [-0.026949,0.809349,-0.586709],
                [-0.049319,0.629764,0.775219],
                [0.008515,0.000000,-0.999964],
                [-0.046541,0.000000,0.998916],
                [0.353442,0.629701,-0.691777],
                [-0.322865,0.809437,0.490478],
                [0.470089,0.000000,-0.882619],
                [-0.503385,0.000000,0.864062],
                [-0.954722,0.000000,0.297498],
                [-0.292619,0.000000,-0.956229],
                [-0.816947,0.534184,0.217360],
                [-0.247756,0.606907,-0.755170],
                [-0.739881,0.000000,0.672738],
                [-0.668973,0.000000,-0.743287],
                [-0.598610,0.606942,0.522769],
                [-0.591312,0.534241,-0.604100],
                [0.979441,0.000000,-0.201730],
                [0.738920,0.000000,0.673793],
                [0.979441,0.000000,-0.201730],
                [0.738906,0.000000,0.673808],
                [0.549902,0.000000,-0.835229],
                [0.549902,0.000000,-0.835229],
                [0.000000,1.000000,0.000000],
                [-0.420831,0.643714,0.639166],
                [0.281323,0.924813,0.256084],
                [-0.549902,0.000000,0.835229],
                [0.046022,0.000000,0.998940],
                [0.046022,0.000000,0.998940],
                [0.000000,1.000000,0.000000],
                [-0.035220,0.643717,-0.764452],
                [0.363820,0.929678,-0.057742],
                [-0.046022,0.000000,-0.998940],
                [0.308884,-0.001618,-0.951098],
                [-0.207777,-0.674482,0.708451],
                [0.227066,0.694229,-0.682998],
                [-0.051393,0.974157,0.219948],
                [-0.278673,0.249222,0.927486],
                [-0.277634,-0.247328,0.928304],
                [-0.217906,-0.001587,0.975968],
                [0.179514,-0.673834,-0.716744],
                [-0.152045,0.693694,0.704039],
                [0.066714,0.974526,-0.214120],
                [0.231150,0.250438,-0.940133],
                [0.232433,-0.247022,-0.940720],
                [0.207315,-0.368698,-0.906136],
                [0.154277,0.272174,-0.949800],
                [0.054323,0.934547,-0.351668],
                [-0.256485,0.573399,0.778093],
                [0.156044,-0.682285,-0.714239],
                [-0.180397,-0.024446,0.983290],
                [-0.275188,-0.371689,0.886633],
                [-0.348557,0.274304,0.896250],
                [-0.131902,0.933996,0.332044],
                [0.173349,0.573607,-0.800578],
                [-0.213086,-0.671058,0.710123],
                [0.342793,-0.023836,-0.939109],
                [0.383013,-0.052981,-0.922222],
                [-0.221785,-0.663921,0.714157],
                [0.385392,-0.005402,-0.922737],
                [-0.299512,-0.008881,0.954051],
                [-0.283093,-0.360855,0.888618],
                [-0.134770,-0.054354,0.989385],
                [0.142888,-0.686823,-0.712641],
                [-0.132176,-0.004486,0.991216],
                [0.228008,-0.015870,-0.973530],
                [0.196268,-0.382191,-0.903000],
                [0.194226,0.000000,-0.980957],
                [0.194226,0.000000,-0.980957],
                [0.477384,0.761916,0.437709],
                [0.132178,0.153328,0.979295],
                [0.852468,0.439846,0.282549],
                [-0.133125,-0.033419,0.990536],
                [-0.305956,-0.341572,0.888662],
                [-0.220319,0.202588,0.954158],
                [0.477897,0.753392,0.451681],
                [0.572106,0.119237,-0.811466],
                [-0.243328,-0.649842,0.720067],
                [0.385577,-0.032594,-0.922100],
                [0.705564,-0.006653,-0.708615],
                [0.671755,-0.641938,0.369677],
                [0.564576,0.587344,-0.579897],
                [0.508568,0.839760,0.190164],
                [-0.300793,0.378342,0.875432],
                [-0.316945,-0.342704,0.884364],
                [0.246413,-0.006836,0.969141],
                [0.624412,0.000000,0.781095],
                [0.192698,0.602998,0.774119],
                [0.541041,0.473716,0.694887],
                [0.194226,0.000000,-0.980957],
                [0.194226,0.000000,-0.980957],
                [0.561620,-0.158854,-0.812002],
                [0.354453,-0.529635,0.770617],
                [-0.112494,-0.011262,0.993589],
                [0.147103,-0.151772,0.977408],
                [0.565921,-0.745131,0.352865],
                [0.836938,-0.525638,-0.152445],
                [0.223126,0.003235,-0.974784],
                [-0.141637,0.086307,0.986149],
                [-0.297107,0.011811,0.954771],
                [0.352251,0.073704,-0.932999],
                [-0.018952,0.572542,-0.819656],
                [-0.432246,0.861042,0.267899],
                [-0.432980,0.366417,0.823569],
                [-0.433645,0.571988,0.696262],
                [-0.235276,0.857329,-0.457856],
                [0.047976,0.356278,-0.933147],
                [0.093694,0.591892,-0.800553],
                [-0.193369,0.927750,-0.319199],
                [-0.459405,0.777415,0.429619],
                [-0.322774,0.608009,0.725356],
                [-0.325032,0.931118,0.165446],
                [-0.169870,0.777599,-0.605379],
                [0.214276,0.752941,-0.622227],
                [-0.042360,0.989576,0.137640],
                [-0.250197,0.573611,0.779982],
                [-0.097112,0.725839,0.680975],
                [0.054355,0.997059,-0.054019],
                [0.178202,0.536866,-0.824633],
                [0.239668,-0.794510,-0.557954],
                [0.156200,0.672684,0.723255],
                [-0.042483,0.682010,0.730108],
                [-0.233958,-0.031862,0.971724],
                [-0.267928,-0.169473,0.948416],
                [0.318776,0.458616,-0.829489],
                [0.615000,0.338950,-0.711961],
                [0.177561,-0.189189,0.965753],
                [-0.322711,-0.043704,0.945488],
                [0.197459,0.618654,0.760446],
                [0.512538,-0.284072,0.810313],
                [0.099431,-0.830486,-0.548093],
                [0.177531,0.413903,-0.892842],
                [-0.052187,0.869515,0.491141],
                [-0.252820,0.595794,0.762306],
                [-0.064120,0.969798,0.235331],
                [0.088170,0.977313,-0.192575],
                [0.839742,-0.497436,-0.217695],
                [0.187602,-0.625796,0.757090],
                [0.563935,-0.605502,0.561555],
                [0.536345,-0.648533,-0.540129]
            ],
            #texcoords =
            [
                [0.320312,0.867188],
                [0.312500,0.781250],
                [0.367188,0.796875],
                [0.320312,0.867188],
                [0.265625,0.796875],
                [0.312500,0.781250],
                [0.320312,0.867188],
                [0.242188,0.843750],
                [0.265625,0.796875],
                [0.320312,0.867188],
                [0.242188,0.898438],
                [0.242188,0.843750],
                [0.320312,0.867188],
                [0.273438,0.937500],
                [0.242188,0.898438],
                [0.320312,0.867188],
                [0.328125,0.945312],
                [0.273438,0.937500],
                [0.320312,0.867188],
                [0.375000,0.929688],
                [0.328125,0.945312],
                [0.320312,0.867188],
                [0.398438,0.882812],
                [0.375000,0.929688],
                [0.320312,0.867188],
                [0.398438,0.835938],
                [0.398438,0.882812],
                [0.320312,0.867188],
                [0.367188,0.796875],
                [0.398438,0.835938],
                [0.367188,0.445312],
                [0.367188,0.492188],
                [0.320312,0.500000],
                [0.312500,0.453125],
                [0.312500,0.453125],
                [0.320312,0.500000],
                [0.265625,0.492188],
                [0.265625,0.453125],
                [0.668411,0.025000],
                [0.665127,0.049062],
                [0.639019,0.045499],
                [0.642303,0.021437],
                [0.264936,0.158609],
                [0.259336,0.111100],
                [0.310883,0.105022],
                [0.316486,0.152531],
                [0.316486,0.152531],
                [0.310883,0.105022],
                [0.362429,0.098943],
                [0.368034,0.146450],
                [0.665127,0.049062],
                [0.668411,0.025000],
                [0.693862,0.028475],
                [0.690578,0.052536],
                [0.265625,0.453125],
                [0.265625,0.492188],
                [0.226562,0.500000],
                [0.218750,0.453125],
                [0.265625,0.796875],
                [0.242188,0.843750],
                [0.195312,0.820312],
                [0.226562,0.773438],
                [0.259336,0.111100],
                [0.264936,0.158609],
                [0.213041,0.164726],
                [0.207442,0.117215],
                [0.642303,0.021437],
                [0.639019,0.045499],
                [0.612737,0.041912],
                [0.616021,0.017850],
                [0.242188,0.898438],
                [0.273438,0.937500],
                [0.234375,0.968750],
                [0.203125,0.929688],
                [0.203125,0.929688],
                [0.234375,0.968750],
                [0.039062,0.945312],
                [0.015625,0.921875],
                [0.616021,0.017850],
                [0.612737,0.041912],
                [0.520317,0.024354],
                [0.522276,0.010000],
                [0.207442,0.117215],
                [0.213041,0.164726],
                [0.013340,0.178541],
                [0.010000,0.150199],
                [0.226562,0.773438],
                [0.195312,0.820312],
                [0.015625,0.851562],
                [0.031250,0.828125],
                [0.218750,0.453125],
                [0.226562,0.500000],
                [0.031250,0.500000],
                [0.031250,0.468750],
                [0.690578,0.052536],
                [0.693862,0.028475],
                [0.786552,0.046071],
                [0.784592,0.060425],
                [0.031250,0.468750],
                [0.031250,0.500000],
                [0.007812,0.500000],
                [0.000000,0.468750],
                [0.167969,0.050781],
                [0.195312,0.031250],
                [0.214844,0.050781],
                [0.199219,0.070312],
                [0.000000,1.000000],
                [0.000000,0.000000],
                [1.000000,0.000000],
                [1.000000,1.000000],
                [0.000000,1.000000],
                [0.000000,0.000000],
                [1.000000,0.000000],
                [1.000000,1.000000],
                [0.473224,0.058706],
                [0.472756,0.011723],
                [0.523751,0.011204],
                [0.524215,0.058215],
                [0.000000,1.000000],
                [0.000000,0.000000],
                [1.000000,0.000000],
                [1.000000,1.000000],
                [0.524215,0.058215],
                [0.523751,0.011204],
                [0.565897,0.010773],
                [0.566357,0.057817],
                [0.000000,1.000000],
                [0.000000,0.000000],
                [1.000000,0.000000],
                [1.000000,1.000000],
                [0.367188,0.492188],
                [0.367188,0.445312],
                [0.406250,0.445312],
                [0.406250,0.492188],
                [0.398438,0.835938],
                [0.367188,0.796875],
                [0.398438,0.765625],
                [0.429688,0.804688],
                [0.000000,1.000000],
                [0.000000,0.000000],
                [1.000000,0.000000],
                [1.000000,1.000000],
                [0.472756,0.011723],
                [0.473224,0.058706],
                [0.433159,0.059091],
                [0.432685,0.012142],
                [0.000000,1.000000],
                [0.000000,0.000000],
                [1.000000,0.000000],
                [1.000000,1.000000],
                [0.368034,0.146450],
                [0.362429,0.098943],
                [0.402957,0.094161],
                [0.408565,0.141665],
                [0.375000,0.929688],
                [0.398438,0.882812],
                [0.437500,0.906250],
                [0.406250,0.953125],
                [0.406250,0.953125],
                [0.437500,0.906250],
                [0.515625,0.898438],
                [0.484375,0.945312],
                [0.408565,0.141665],
                [0.402957,0.094161],
                [0.482102,0.084816],
                [0.487712,0.132320],
                [0.000000,1.000000],
                [0.000000,0.000000],
                [1.000000,0.000000],
                [1.000000,1.000000],
                [0.432685,0.012142],
                [0.433159,0.059091],
                [0.354952,0.059876],
                [0.354476,0.012940],
                [0.000000,1.000000],
                [0.000000,0.000000],
                [1.000000,0.000000],
                [1.000000,1.000000],
                [0.429688,0.804688],
                [0.398438,0.765625],
                [0.476562,0.757812],
                [0.507812,0.804688],
                [0.406250,0.492188],
                [0.406250,0.445312],
                [0.476562,0.445312],
                [0.484375,0.492188],
                [0.000000,1.000000],
                [0.000000,0.000000],
                [1.000000,0.000000],
                [1.000000,1.000000],
                [0.566357,0.057817],
                [0.565897,0.010773],
                [0.644290,0.010000],
                [0.644749,0.057059],
                [0.000000,1.000000],
                [0.000000,0.000000],
                [1.000000,0.000000],
                [1.000000,1.000000],
                [0.480807,0.168290],
                [0.480807,0.168290],
                [0.769514,0.107961],
                [0.782118,0.102818],
                [0.644749,0.057059],
                [0.644290,0.010000],
                [0.971182,0.016471],
                [0.990000,0.042324],
                [0.480807,0.168290],
                [0.480807,0.168290],
                [0.799522,0.100431],
                [0.801908,0.102546],
                [0.484375,0.492188],
                [0.476562,0.445312],
                [0.828125,0.437500],
                [0.835938,0.460938],
                [0.507812,0.804688],
                [0.476562,0.757812],
                [0.851562,0.773438],
                [0.828125,0.796875],
                [0.464603,0.075854],
                [0.464603,0.075854],
                [0.790407,0.037339],
                [0.788872,0.040185],
                [0.354476,0.012940],
                [0.354952,0.059876],
                [0.010000,0.051966],
                [0.028367,0.025960],
                [0.464603,0.075854],
                [0.464603,0.075854],
                [0.771495,0.043399],
                [0.758114,0.042425],
                [0.487712,0.132320],
                [0.482102,0.084816],
                [0.855370,0.050699],
                [0.853744,0.077348],
                [0.484375,0.945312],
                [0.515625,0.898438],
                [0.828125,0.867188],
                [0.859375,0.882812],
                [0.853744,0.077348],
                [0.855370,0.050699],
                [0.915242,0.045076],
                [0.919835,0.068074],
                [0.055995,0.093856],
                [0.117182,0.010000],
                [0.337208,0.015709],
                [0.324215,0.090076],
                [0.788872,0.040185],
                [0.790407,0.037339],
                [0.850476,0.030823],
                [0.852319,0.033052],
                [0.835938,0.460938],
                [0.828125,0.437500],
                [0.898438,0.437500],
                [0.890625,0.460938],
                [0.801908,0.102546],
                [0.799522,0.100431],
                [0.865976,0.086466],
                [0.865976,0.086466],
                [0.116226,0.200370],
                [0.054617,0.287195],
                [0.351472,0.286734],
                [0.351472,0.195240],
                [0.000000,1.000000],
                [0.000000,0.000000],
                [1.000000,0.000000],
                [1.000000,1.000000],
                [0.000000,1.000000],
                [0.000000,0.000000],
                [1.000000,0.000000],
                [1.000000,1.000000],
                [0.890625,0.460938],
                [0.898438,0.437500],
                [0.906250,0.437500],
                [0.906250,0.460938],
                [0.852319,0.033052],
                [0.850476,0.030823],
                [0.861374,0.029874],
                [0.863408,0.031957],
                [0.324215,0.090076],
                [0.337208,0.015709],
                [0.375479,0.016417],
                [0.370699,0.090771],
                [0.919835,0.068074],
                [0.915242,0.045076],
                [0.927511,0.043619],
                [0.931839,0.066460],
                [0.844548,0.014375],
                [0.861587,0.029847],
                [0.916936,0.027213],
                [0.900177,0.010455],
                [0.931839,0.066460],
                [0.927511,0.043619],
                [0.987393,0.037756],
                [0.990000,0.061177],
                [0.370517,0.101960],
                [0.370699,0.090771],
                [0.561671,0.087481],
                [0.561672,0.087461],
                [0.370699,0.090771],
                [0.375479,0.016417],
                [0.561389,0.011907],
                [0.561671,0.087481],
                [0.863408,0.031957],
                [0.861374,0.029874],
                [0.916936,0.027213],
                [0.916936,0.027213],
                [0.865976,0.086466],
                [0.860054,0.107497],
                [0.914147,0.093804],
                [0.924907,0.072687],
                [0.906250,0.460938],
                [0.906250,0.437500],
                [0.960938,0.437500],
                [0.953125,0.460938],
                [0.000000,1.000000],
                [0.000000,0.000000],
                [1.000000,0.000000],
                [1.000000,1.000000],
                [0.568211,0.259726],
                [0.629479,0.195240],
                [0.775732,0.343694],
                [0.723953,0.398194],
                [0.000000,1.000000],
                [0.000000,0.000000],
                [1.000000,0.000000],
                [1.000000,1.000000],
                [0.953125,0.460938],
                [0.960938,0.437500],
                [0.984375,0.437500],
                [0.984375,0.453125],
                [0.000000,1.000000],
                [0.000000,0.000000],
                [1.000000,0.000000],
                [1.000000,1.000000],
                [0.925781,0.773438],
                [0.945312,0.761719],
                [0.964844,0.781250],
                [0.949219,0.792969],
                [0.000000,1.000000],
                [0.000000,0.000000],
                [1.000000,0.000000],
                [1.000000,1.000000],
                [0.861587,0.029847],
                [0.844548,0.014375],
                [0.844664,0.014250],
                [0.860852,0.030316],
                [0.927511,0.043619],
                [0.915242,0.045076],
                [0.915346,0.030066],
                [0.925911,0.029057],
                [0.370699,0.090771],
                [0.370517,0.101960],
                [0.367221,0.137597],
                [0.353186,0.137545],
                [0.324215,0.090076],
                [0.370699,0.090771],
                [0.353186,0.137545],
                [0.335336,0.137694],
                [0.860054,0.107497],
                [0.865976,0.086466],
                [0.866285,0.086417],
                [0.860205,0.107467],
                [0.890625,0.460938],
                [0.906250,0.460938],
                [0.898438,0.476562],
                [0.890625,0.476562],
                [0.000000,1.000000],
                [0.000000,0.000000],
                [1.000000,0.000000],
                [1.000000,1.000000],
                [0.000000,1.000000],
                [0.000000,0.000000],
                [1.000000,0.000000],
                [1.000000,1.000000],
                [0.351472,0.286734],
                [0.054617,0.287195],
                [0.211446,0.332408],
                [0.352563,0.331145],
                [0.835938,0.460938],
                [0.890625,0.460938],
                [0.890625,0.476562],
                [0.875000,0.476562],
                [0.055995,0.093856],
                [0.324215,0.090076],
                [0.335336,0.137694],
                [0.211783,0.138738],
                [0.915242,0.045076],
                [0.855370,0.050699],
                [0.893213,0.031942],
                [0.915346,0.030066],
                [0.859375,0.882812],
                [0.828125,0.867188],
                [0.890625,0.859375],
                [0.898438,0.875000],
                [0.010000,0.104276],
                [0.055995,0.093856],
                [0.211783,0.138738],
                [0.194230,0.144042],
                [0.828125,0.796875],
                [0.851562,0.773438],
                [0.890625,0.773438],
                [0.882812,0.796875],
                [0.054617,0.287195],
                [0.010000,0.296786],
                [0.196441,0.333022],
                [0.211446,0.332408],
                [0.211446,0.332408],
                [0.196441,0.333022],
                [0.269686,0.370526],
                [0.274985,0.368931],
                [0.882812,0.796875],
                [0.890625,0.773438],
                [0.906250,0.773438],
                [0.906250,0.796875],
                [0.194230,0.144042],
                [0.211783,0.138738],
                [0.274916,0.174231],
                [0.267005,0.181649],
                [0.898438,0.875000],
                [0.890625,0.859375],
                [0.914062,0.851562],
                [0.906250,0.867188],
                [0.915346,0.030066],
                [0.893213,0.031942],
                [0.897754,0.020173],
                [0.922132,0.017155],
                [0.211783,0.138738],
                [0.335336,0.137694],
                [0.363825,0.175421],
                [0.274916,0.174231],
                [0.875000,0.476562],
                [0.890625,0.476562],
                [0.898438,0.484375],
                [0.882812,0.492188],
                [0.352563,0.331145],
                [0.211446,0.332408],
                [0.274985,0.368931],
                [0.365162,0.369410],
                [0.866285,0.086417],
                [0.866285,0.086417],
                [0.873086,0.084879],
                [0.870932,0.087223],
                [0.352563,0.331145],
                [0.352563,0.331145],
                [0.365162,0.369410],
                [0.376638,0.368199],
                [0.890625,0.476562],
                [0.898438,0.476562],
                [0.906250,0.484375],
                [0.898438,0.484375],
                [0.335336,0.137694],
                [0.353186,0.137545],
                [0.376033,0.174128],
                [0.363825,0.175421],
                [0.353186,0.137545],
                [0.367221,0.137597],
                [0.383555,0.172730],
                [0.376033,0.174128],
                [0.925911,0.029057],
                [0.915346,0.030066],
                [0.922132,0.017155],
                [0.926676,0.018330],
                [0.906250,0.867188],
                [0.914062,0.851562],
                [0.937500,0.835938],
                [0.929688,0.859375],
                [0.267005,0.181649],
                [0.274916,0.174231],
                [0.363825,0.175421],
                [0.360262,0.184206],
                [0.906250,0.796875],
                [0.906250,0.773438],
                [0.921875,0.781250],
                [0.937500,0.804688],
                [0.274985,0.368931],
                [0.269686,0.370526],
                [0.360913,0.372999],
                [0.365162,0.369410],
                [0.937500,0.804688],
                [0.921875,0.781250],
                [0.929688,0.781250],
                [0.937500,0.804688],
                [0.868643,0.087795],
                [0.870932,0.087223],
                [0.924086,0.072622],
                [0.924086,0.072622],
                [0.365162,0.369410],
                [0.360913,0.372999],
                [0.557178,0.366973],
                [0.557178,0.366973],
                [0.360262,0.184206],
                [0.363825,0.175421],
                [0.558971,0.174196],
                [0.558971,0.174196],
                [0.929688,0.859375],
                [0.937500,0.835938],
                [0.992188,0.812500],
                [0.984375,0.835938],
                [0.925911,0.029057],
                [0.926676,0.018330],
                [0.979552,0.010000],
                [0.980904,0.020429],
                [0.926676,0.018330],
                [0.922132,0.017155],
                [0.979552,0.010000],
                [0.979552,0.010000],
                [0.863977,0.031906],
                [0.866166,0.031604],
                [0.916065,0.026864],
                [0.916065,0.026864],
                [0.383555,0.172730],
                [0.367221,0.137597],
                [0.553612,0.144126],
                [0.553204,0.178962],
                [0.860361,0.032218],
                [0.863977,0.031906],
                [0.916065,0.026864],
                [0.916065,0.026864],
                [0.937500,0.804688],
                [0.929688,0.781250],
                [0.984375,0.796875],
                [0.992188,0.820312],
                [0.906250,0.484375],
                [0.898438,0.476562],
                [0.960938,0.476562],
                [0.960938,0.484375],
                [0.873086,0.084879],
                [0.869844,0.085581],
                [0.924086,0.072622],
                [0.924086,0.072622],
                [0.786766,0.243424],
                [0.799178,0.204911],
                [0.988653,0.195240],
                [0.990000,0.230614],
                [0.870932,0.087223],
                [0.873086,0.084879],
                [0.924086,0.072622],
                [0.924086,0.072622],
                [0.860205,0.107467],
                [0.866285,0.086417],
                [0.923834,0.072662],
                [0.913007,0.093911],
                [0.860852,0.030316],
                [0.844664,0.014250],
                [0.898949,0.010040],
                [0.915812,0.026904],
                [0.960938,0.476562],
                [0.984375,0.476562],
                [0.984375,0.484375],
                [0.960938,0.484375],
                [0.972656,0.761719],
                [0.953125,0.746094],
                [0.964844,0.738281],
                [0.984375,0.753906],
                [0.000000,1.000000],
                [0.000000,0.000000],
                [1.000000,0.000000],
                [1.000000,1.000000],
                [0.000000,1.000000],
                [0.000000,0.000000],
                [1.000000,0.000000],
                [1.000000,1.000000],
                [0.000000,1.000000],
                [0.000000,0.000000],
                [1.000000,0.000000],
                [1.000000,1.000000]
            ],
            #faces =
            [
                [20,11,10],
                [20,12,11],
                [20,13,12],
                [20,14,13],
                [20,15,14],
                [20,16,15],
                [20,17,16],
                [20,18,17],
                [20,19,18],
                [20,10,19],
                [0,10,11,1],
                [1,11,12,2],
                [3,13,14,4],
                [5,15,16,6],
                [6,16,17,7],
                [13,3,23,21],
                [2,12,22,24],
                [12,13,21,22],
                [15,5,27,25],
                [4,14,26,28],
                [14,15,25,26],
                [26,25,32,31],
                [28,26,31,29],
                [25,27,30,32],
                [22,21,36,35],
                [24,22,35,33],
                [21,23,34,36],
                [33,35,36,34],
                [29,31,32,30],
                [18,19,37,38],
                [9,8,40,39],
                [40,38,37,39],
                [37,19,43,42],
                [39,37,42,41],
                [9,39,41,45],
                [10,0,46,44],
                [19,10,44,43],
                [40,8,51,47],
                [38,40,47,48],
                [18,38,48,49],
                [7,17,50,52],
                [17,18,49,50],
                [50,49,56,55],
                [52,50,55,53],
                [49,48,57,56],
                [48,47,58,57],
                [47,51,54,58],
                [43,44,61,62],
                [44,46,59,61],
                [45,41,64,60],
                [41,42,63,64],
                [42,43,62,63],
                [63,62,67,66],
                [64,63,66,65],
                [60,64,65,69],
                [61,59,70,68],
                [62,61,68,67],
                [58,54,75,71],
                [57,58,71,72],
                [56,57,72,73],
                [53,55,74,76],
                [55,56,73,74],
                [76,74,79,77],
                [72,71,81,80],
                [71,75,78,81],
                [68,70,82,84],
                [69,65,86,83],
                [65,66,85,86],
                [86,85,88,87],
                [83,86,87,91],
                [84,82,92,90],
                [81,78,97,93],
                [80,81,93,94],
                [77,79,96,98],
                [96,95,102,101],
                [98,96,101,99],
                [95,94,103,102],
                [94,93,104,103],
                [93,97,100,104],
                [89,90,107,108],
                [90,92,105,107],
                [91,87,110,106],
                [87,88,109,110],
                [88,89,108,109],
                [107,105,106,108],
                [108,106,110,109],
                [99,101,102,100],
                [100,102,103,104],
                [95,96,111,112],
                [96,79,120,111],
                [94,95,112,113],
                [80,94,113,119],
                [90,89,115,114],
                [84,90,114,118],
                [88,85,117,116],
                [89,88,116,115],
                [85,66,126,117],
                [68,84,118,124],
                [72,80,119,123],
                [79,74,121,120],
                [74,73,122,121],
                [73,72,123,122],
                [67,68,124,125],
                [66,67,125,126],
                [126,125,128,127],
                [125,124,129,128],
                [122,123,130,131],
                [121,122,131,132],
                [120,121,132,133],
                [123,119,135,130],
                [124,118,136,129],
                [117,126,127,138],
                [115,116,139,140],
                [116,117,138,139],
                [118,114,141,136],
                [119,113,142,135],
                [113,112,143,142],
                [111,120,133,144],
                [132,131,134,133],
                [131,130,135,134],
                [128,129,136,137],
                [127,128,137,138],
                [137,136,141,140],
                [137,140,149,152],
                [138,137,152,151],
                [134,135,153,154],
                [133,134,154,155],
                [111,144,145,159],
                [144,133,155,145],
                [142,143,146,147],
                [143,112,158,146],
                [135,142,147,153],
                [140,141,148,149],
                [141,114,157,148],
                [139,138,151,150],
                [115,140,149,156],
                [140,139,150,149],
                [114,115,156,157],
                [112,111,159,158],
                [157,156,149,148],
                [158,159,145,146],
                [151,152,149,150],
                [154,153,147,146],
                [155,154,146,145]
            ]
        ],

        #part02_body =
        [
            #tex = "discthrower_body",
            #flatshading = 0,
            #twosided = 0,
            #blended = 0,
            #normalsmode = 1,
            #texcoordsmode = 1,
            #vertices =
            [
                [0.056708,0.142731,-0.062959],
                [0.080213,0.043238,-0.086487],
                [-0.091003,0.043238,-0.086487],
                [-0.067481,0.142731,-0.062959],
                [0.056708,0.142731,0.061336],
                [0.080213,0.043237,0.084860],
                [-0.091003,0.043238,0.084860],
                [-0.067481,0.142731,0.061336],
                [0.119817,0.029549,0.067330],
                [0.124236,0.119965,0.058815],
                [0.119817,0.029549,-0.068914],
                [0.124236,0.119965,-0.060399],
                [0.243102,0.086674,-0.060063],
                [0.246768,0.029549,-0.068914],
                [0.243102,0.086674,0.058479],
                [0.246768,0.029549,0.067330],
                [0.304614,0.028956,0.061961],
                [0.299860,0.049783,0.051949],
                [0.304614,0.028956,-0.063545],
                [0.299860,0.049783,-0.053534],
                [-0.135493,0.119965,0.058815],
                [-0.131325,0.029549,0.067330],
                [-0.135493,0.119965,-0.060399],
                [-0.131325,0.029549,-0.068914],
                [-0.256669,0.029549,-0.068914],
                [-0.251848,0.086675,-0.060063],
                [-0.256669,0.029549,0.067330],
                [-0.251848,0.086675,0.058479],
                [-0.310364,0.049783,0.051949],
                [-0.315318,0.028956,0.061961],
                [-0.310364,0.049783,-0.053534],
                [-0.315318,0.028956,-0.063545],
                [-0.064959,0.120711,-0.131349],
                [-0.073474,0.029549,-0.127165],
                [0.062770,0.029549,-0.127165],
                [0.054254,0.120710,-0.131349],
                [0.053976,0.088301,-0.248446],
                [0.062770,0.029549,-0.252370],
                [-0.073474,0.029549,-0.252370],
                [-0.064681,0.088301,-0.248446],
                [-0.058779,0.055224,-0.309586],
                [-0.069019,0.029262,-0.314787],
                [0.058314,0.029262,-0.314787],
                [0.048075,0.055224,-0.309586],
                [-0.064959,0.120711,0.129397],
                [-0.073474,0.029549,0.125179],
                [0.062769,0.029549,0.125179],
                [0.054254,0.120711,0.129397],
                [0.053976,0.088301,0.246555],
                [0.062769,0.029549,0.250518],
                [-0.073474,0.029549,0.250518],
                [-0.064681,0.088301,0.246555],
                [-0.058779,0.055224,0.307292],
                [-0.069019,0.029262,0.312453],
                [0.058314,0.029262,0.312453],
                [0.048075,0.055224,0.307292],
                [0.058810,0.155003,-0.000802],
                [-0.005372,0.155003,-0.065014],
                [-0.069555,0.155003,-0.000802],
                [-0.005372,0.155003,0.063410],
                [0.091582,0.128899,0.052676],
                [0.124236,0.119965,-0.000792],
                [0.091582,0.128899,-0.054271],
                [0.076189,0.089815,0.080827],
                [0.095147,0.041054,0.070549],
                [0.122027,0.074757,0.063072],
                [0.076189,0.089815,-0.082452],
                [0.122027,0.074757,-0.064656],
                [0.095147,0.041054,-0.072138],
                [-0.102593,0.128899,-0.054271],
                [-0.135493,0.119965,-0.000792],
                [-0.102593,0.128899,0.052676],
                [-0.086968,0.089815,0.080827],
                [-0.133409,0.074757,0.063072],
                [-0.106251,0.041055,0.070549],
                [-0.086968,0.089815,-0.082452],
                [-0.106251,0.041054,-0.072138],
                [-0.133409,0.074757,-0.064656],
                [0.048098,0.129244,-0.098251],
                [-0.005352,0.120711,-0.131349],
                [-0.058823,0.129244,-0.098251],
                [-0.069217,0.075130,-0.129257],
                [-0.076694,0.041090,-0.101896],
                [0.065979,0.041090,-0.101896],
                [0.058512,0.075130,-0.129257],
                [0.048098,0.129244,0.096471],
                [0.058512,0.075130,0.127288],
                [0.065979,0.041090,0.100108],
                [-0.076694,0.041090,0.100108],
                [-0.069217,0.075130,0.127288],
                [-0.058823,0.129244,0.096471],
                [-0.005352,0.120711,0.129397],
                [-0.005362,0.137857,0.096404],
                [-0.072549,0.083714,0.099127],
                [0.061830,0.083714,0.099127],
                [0.061830,0.083714,-0.100911],
                [-0.072549,0.083714,-0.100911],
                [-0.005362,0.137857,-0.098182],
                [-0.105260,0.083527,-0.067996],
                [-0.105260,0.083527,0.066405],
                [-0.102524,0.137484,-0.000797],
                [0.094202,0.083527,-0.067996],
                [0.094202,0.083527,0.066405],
                [0.091523,0.137484,-0.000797],
                [-0.005372,0.155003,-0.000802]
            ],
            #normals =
            [
                [0.394974,0.832644,-0.388199],
                [0.709450,0.105291,-0.696846],
                [-0.705512,0.105627,-0.700782],
                [-0.393725,0.832893,-0.388934],
                [0.394521,0.832501,0.388967],
                [0.707382,0.105201,0.698959],
                [-0.703417,0.105537,0.702898],
                [-0.393271,0.832749,0.389701],
                [0.069950,0.093236,0.993184],
                [0.212169,0.698339,0.683598],
                [0.070041,0.093205,-0.993180],
                [0.212290,0.698336,-0.683564],
                [0.318925,0.719490,-0.616945],
                [0.102454,0.198194,-0.974793],
                [0.318925,0.719490,0.616945],
                [0.102454,0.198194,0.974793],
                [0.680456,0.301652,0.667821],
                [0.714735,0.524782,0.462339],
                [0.680456,0.301652,-0.667821],
                [0.714735,0.524782,-0.462339],
                [-0.213608,0.698842,0.682636],
                [-0.069064,0.093387,0.993232],
                [-0.213729,0.698838,-0.682602],
                [-0.069157,0.093359,-0.993228],
                [-0.101964,0.200326,-0.974409],
                [-0.315329,0.719836,-0.618389],
                [-0.101964,0.200326,0.974409],
                [-0.315329,0.719836,0.618389],
                [-0.708564,0.532956,0.462488],
                [-0.679146,0.308703,0.665931],
                [-0.708564,0.532956,-0.462488],
                [-0.679146,0.308703,-0.665931],
                [-0.682779,0.700846,-0.206463],
                [-0.993339,0.092717,-0.068424],
                [0.993348,0.092749,-0.068242],
                [0.682846,0.700853,-0.206221],
                [0.626934,0.724292,-0.286976],
                [0.979017,0.186349,-0.082462],
                [-0.979017,0.186349,-0.082462],
                [-0.626934,0.724292,-0.286976],
                [-0.481023,0.539102,-0.691365],
                [-0.672894,0.279162,-0.685041],
                [0.672894,0.279162,-0.685041],
                [0.481023,0.539102,-0.691365],
                [-0.683018,0.700506,0.206828],
                [-0.993314,0.092687,0.068821],
                [0.993324,0.092716,0.068637],
                [0.683085,0.700512,0.206586],
                [0.626706,0.724092,0.287977],
                [0.978953,0.186440,0.083011],
                [-0.978951,0.186439,0.083042],
                [-0.626706,0.724092,0.287977],
                [-0.480800,0.537749,0.692573],
                [-0.672914,0.278242,0.685396],
                [0.672914,0.278242,0.685396],
                [0.480800,0.537749,0.692573],
                [0.270305,0.962775,0.000000],
                [0.000000,0.964566,-0.263840],
                [-0.268936,0.963158,0.000000],
                [0.000000,0.964316,0.264754],
                [0.413262,0.729046,0.545625],
                [0.319933,0.947440,0.000000],
                [0.413566,0.729012,-0.545439],
                [0.684418,0.271009,0.676850],
                [0.393630,0.101597,0.913638],
                [0.056339,0.118964,0.991299],
                [0.686048,0.271044,-0.675183],
                [0.056460,0.118964,-0.991292],
                [0.394220,0.101569,-0.913386],
                [-0.410758,0.729776,-0.546539],
                [-0.321369,0.946954,0.000000],
                [-0.410448,0.729797,0.546745],
                [-0.681456,0.271221,0.679747],
                [-0.055911,0.119178,0.991297],
                [-0.389364,0.101965,0.915423],
                [-0.683109,0.271254,-0.678073],
                [-0.389943,0.101964,-0.915177],
                [-0.056033,0.119177,-0.991291],
                [0.550358,0.732498,-0.400690],
                [0.000000,0.950264,-0.311444],
                [-0.550015,0.732458,-0.401234],
                [-0.991486,0.118324,-0.054355],
                [-0.916628,0.101569,-0.386623],
                [0.917105,0.101568,-0.385489],
                [0.991495,0.118352,-0.054140],
                [0.549593,0.732069,0.402520],
                [0.991483,0.118293,0.054477],
                [0.916170,0.101508,0.387722],
                [-0.915676,0.101538,0.388879],
                [-0.991475,0.118262,0.054690],
                [-0.549250,0.732028,0.403064],
                [0.000000,0.950012,0.312215],
                [0.000000,0.918954,0.394365],
                [-0.916937,0.200112,0.345228],
                [0.917373,0.200052,0.344102],
                [0.918148,0.199994,-0.342062],
                [-0.917720,0.200025,-0.343191],
                [0.000000,0.919659,-0.392718],
                [-0.347707,0.200634,-0.915885],
                [-0.347121,0.200600,0.916115],
                [-0.403277,0.915078,0.000000],
                [0.351402,0.200574,-0.914487],
                [0.350788,0.200573,0.914723],
                [0.405787,0.913968,0.000000],
                [0.000000,1.000000,0.000000]
            ],
            #texcoords =
            [
                [0.578125,0.587983],
                [0.492188,0.587983],
                [0.492188,0.489270],
                [0.582031,0.489270],
                [0.406250,0.587983],
                [0.492188,0.587983],
                [0.492188,0.643777],
                [0.421875,0.652360],
                [0.578125,0.587983],
                [0.628906,0.665236],
                [0.609375,0.682403],
                [0.562500,0.652360],
                [0.335938,0.703863],
                [0.355469,0.665236],
                [0.375000,0.682403],
                [0.335938,0.738197],
                [0.332031,0.759657],
                [0.378906,0.742489],
                [0.378906,0.896996],
                [0.558594,0.725322],
                [0.609375,0.742489],
                [0.554688,0.862661],
                [0.421875,0.725322],
                [0.492188,0.721030],
                [0.429688,0.862661],
                [0.429688,0.862661],
                [0.554688,0.862661],
                [0.546875,0.957082],
                [0.433594,0.957082],
                [0.554688,0.862661],
                [0.605469,0.896996],
                [0.558594,0.978541],
                [0.546875,0.957082],
                [0.378906,0.896996],
                [0.429688,0.862661],
                [0.433594,0.957082],
                [0.417969,0.978541],
                [0.433594,0.957082],
                [0.546875,0.957082],
                [0.558594,0.978541],
                [0.417969,0.978541],
                [0.582031,0.390558],
                [0.492188,0.390558],
                [0.492188,0.339056],
                [0.570312,0.330472],
                [0.683594,0.278970],
                [0.644531,0.321888],
                [0.628906,0.300429],
                [0.671875,0.266094],
                [0.398438,0.390558],
                [0.339844,0.321888],
                [0.355469,0.300429],
                [0.417969,0.330472],
                [0.417969,0.274678],
                [0.363281,0.261803],
                [0.421875,0.124464],
                [0.667969,0.231760],
                [0.613281,0.261803],
                [0.609375,0.081545],
                [0.566406,0.274678],
                [0.492188,0.274678],
                [0.558594,0.124464],
                [0.558594,0.124464],
                [0.421875,0.124464],
                [0.429688,0.038627],
                [0.550781,0.038627],
                [0.609375,0.081545],
                [0.558594,0.124464],
                [0.550781,0.038627],
                [0.570312,0.012876],
                [0.421875,0.124464],
                [0.367188,0.098712],
                [0.417969,0.008584],
                [0.429688,0.038627],
                [0.417969,0.008584],
                [0.570312,0.012876],
                [0.550781,0.038627],
                [0.429688,0.038627],
                [0.398438,0.390558],
                [0.402344,0.489270],
                [0.347656,0.502146],
                [0.339844,0.407725],
                [0.304688,0.283262],
                [0.339844,0.321888],
                [0.308594,0.339056],
                [0.285156,0.291846],
                [0.406250,0.587983],
                [0.355469,0.665236],
                [0.332031,0.652360],
                [0.347656,0.583691],
                [0.300781,0.587983],
                [0.292969,0.652360],
                [0.144531,0.605150],
                [0.242188,0.283262],
                [0.265625,0.351931],
                [0.089844,0.360515],
                [0.292969,0.412017],
                [0.300781,0.506438],
                [0.132812,0.429185],
                [0.132812,0.429185],
                [0.144531,0.605150],
                [0.058594,0.605150],
                [0.042969,0.450644],
                [0.089844,0.360515],
                [0.132812,0.429185],
                [0.042969,0.450644],
                [0.007812,0.429185],
                [0.144531,0.605150],
                [0.117188,0.682403],
                [0.023438,0.626609],
                [0.058594,0.605150],
                [0.058594,0.605150],
                [0.023438,0.626609],
                [0.007812,0.429185],
                [0.042969,0.450644],
                [0.652344,0.703863],
                [0.628906,0.665236],
                [0.656250,0.652360],
                [0.675781,0.703863],
                [0.582031,0.390558],
                [0.644531,0.321888],
                [0.675781,0.339056],
                [0.644531,0.407725],
                [0.578125,0.587983],
                [0.582031,0.489270],
                [0.636719,0.489270],
                [0.636719,0.583691],
                [0.683594,0.587983],
                [0.687500,0.502146],
                [0.843750,0.600858],
                [0.691406,0.407725],
                [0.718750,0.339056],
                [0.851562,0.429185],
                [0.707031,0.721030],
                [0.691406,0.652360],
                [0.875000,0.669528],
                [0.875000,0.669528],
                [0.843750,0.600858],
                [0.929688,0.600858],
                [0.960938,0.626609],
                [0.851562,0.429185],
                [0.898438,0.356223],
                [0.984375,0.433476],
                [0.945312,0.437768],
                [0.843750,0.600858],
                [0.851562,0.429185],
                [0.945312,0.437768],
                [0.929688,0.600858],
                [0.929688,0.600858],
                [0.945312,0.437768],
                [0.984375,0.433476],
                [0.960938,0.626609],
                [0.691406,0.652360],
                [0.683594,0.587983],
                [0.843750,0.600858],
                [0.691406,0.652360],
                [0.843750,0.600858],
                [0.875000,0.669528],
                [0.718750,0.339056],
                [0.738281,0.278970],
                [0.898438,0.356223],
                [0.718750,0.339056],
                [0.898438,0.356223],
                [0.851562,0.429185],
                [0.687500,0.502146],
                [0.691406,0.407725],
                [0.851562,0.429185],
                [0.687500,0.502146],
                [0.851562,0.429185],
                [0.843750,0.600858],
                [0.582031,0.390558],
                [0.644531,0.407725],
                [0.636719,0.489270],
                [0.582031,0.489270],
                [0.691406,0.407725],
                [0.687500,0.502146],
                [0.636719,0.489270],
                [0.644531,0.407725],
                [0.683594,0.587983],
                [0.636719,0.583691],
                [0.636719,0.489270],
                [0.687500,0.502146],
                [0.683594,0.278970],
                [0.703125,0.287554],
                [0.675781,0.339056],
                [0.644531,0.321888],
                [0.738281,0.278970],
                [0.718750,0.339056],
                [0.675781,0.339056],
                [0.703125,0.287554],
                [0.691406,0.407725],
                [0.644531,0.407725],
                [0.675781,0.339056],
                [0.718750,0.339056],
                [0.578125,0.587983],
                [0.636719,0.583691],
                [0.656250,0.652360],
                [0.628906,0.665236],
                [0.683594,0.587983],
                [0.691406,0.652360],
                [0.656250,0.652360],
                [0.636719,0.583691],
                [0.707031,0.721030],
                [0.675781,0.703863],
                [0.656250,0.652360],
                [0.691406,0.652360],
                [0.300781,0.506438],
                [0.300781,0.587983],
                [0.144531,0.605150],
                [0.300781,0.506438],
                [0.144531,0.605150],
                [0.132812,0.429185],
                [0.265625,0.351931],
                [0.292969,0.412017],
                [0.132812,0.429185],
                [0.265625,0.351931],
                [0.132812,0.429185],
                [0.089844,0.360515],
                [0.292969,0.652360],
                [0.277344,0.721030],
                [0.117188,0.682403],
                [0.292969,0.652360],
                [0.117188,0.682403],
                [0.144531,0.605150],
                [0.335938,0.703863],
                [0.312500,0.703863],
                [0.332031,0.652360],
                [0.355469,0.665236],
                [0.277344,0.721030],
                [0.292969,0.652360],
                [0.332031,0.652360],
                [0.312500,0.703863],
                [0.300781,0.587983],
                [0.347656,0.583691],
                [0.332031,0.652360],
                [0.292969,0.652360],
                [0.398438,0.390558],
                [0.339844,0.407725],
                [0.308594,0.339056],
                [0.339844,0.321888],
                [0.292969,0.412017],
                [0.265625,0.351931],
                [0.308594,0.339056],
                [0.339844,0.407725],
                [0.242188,0.283262],
                [0.285156,0.291846],
                [0.308594,0.339056],
                [0.265625,0.351931],
                [0.406250,0.587983],
                [0.347656,0.583691],
                [0.347656,0.502146],
                [0.402344,0.489270],
                [0.300781,0.587983],
                [0.300781,0.506438],
                [0.347656,0.502146],
                [0.347656,0.583691],
                [0.292969,0.412017],
                [0.339844,0.407725],
                [0.347656,0.502146],
                [0.300781,0.506438],
                [0.492188,0.274678],
                [0.417969,0.274678],
                [0.421875,0.124464],
                [0.492188,0.274678],
                [0.421875,0.124464],
                [0.558594,0.124464],
                [0.613281,0.261803],
                [0.566406,0.274678],
                [0.558594,0.124464],
                [0.613281,0.261803],
                [0.558594,0.124464],
                [0.609375,0.081545],
                [0.363281,0.261803],
                [0.316406,0.244635],
                [0.367188,0.098712],
                [0.363281,0.261803],
                [0.367188,0.098712],
                [0.421875,0.124464],
                [0.304688,0.283262],
                [0.320312,0.278970],
                [0.355469,0.300429],
                [0.339844,0.321888],
                [0.316406,0.244635],
                [0.363281,0.261803],
                [0.355469,0.300429],
                [0.320312,0.278970],
                [0.417969,0.274678],
                [0.417969,0.330472],
                [0.355469,0.300429],
                [0.363281,0.261803],
                [0.582031,0.390558],
                [0.570312,0.330472],
                [0.628906,0.300429],
                [0.644531,0.321888],
                [0.566406,0.274678],
                [0.613281,0.261803],
                [0.628906,0.300429],
                [0.570312,0.330472],
                [0.667969,0.231760],
                [0.671875,0.266094],
                [0.628906,0.300429],
                [0.613281,0.261803],
                [0.398438,0.390558],
                [0.417969,0.330472],
                [0.492188,0.339056],
                [0.492188,0.390558],
                [0.417969,0.274678],
                [0.492188,0.274678],
                [0.492188,0.339056],
                [0.417969,0.330472],
                [0.566406,0.274678],
                [0.570312,0.330472],
                [0.492188,0.339056],
                [0.492188,0.274678],
                [0.492188,0.721030],
                [0.558594,0.725322],
                [0.554688,0.862661],
                [0.492188,0.721030],
                [0.554688,0.862661],
                [0.429688,0.862661],
                [0.609375,0.742489],
                [0.652344,0.759657],
                [0.605469,0.896996],
                [0.609375,0.742489],
                [0.605469,0.896996],
                [0.554688,0.862661],
                [0.378906,0.742489],
                [0.421875,0.725322],
                [0.429688,0.862661],
                [0.378906,0.742489],
                [0.429688,0.862661],
                [0.378906,0.896996],
                [0.406250,0.587983],
                [0.421875,0.652360],
                [0.375000,0.682403],
                [0.355469,0.665236],
                [0.421875,0.725322],
                [0.378906,0.742489],
                [0.375000,0.682403],
                [0.421875,0.652360],
                [0.332031,0.759657],
                [0.335938,0.738197],
                [0.375000,0.682403],
                [0.378906,0.742489],
                [0.652344,0.703863],
                [0.644531,0.708154],
                [0.609375,0.682403],
                [0.628906,0.665236],
                [0.652344,0.759657],
                [0.609375,0.742489],
                [0.609375,0.682403],
                [0.644531,0.708154],
                [0.558594,0.725322],
                [0.562500,0.652360],
                [0.609375,0.682403],
                [0.609375,0.742489],
                [0.578125,0.587983],
                [0.562500,0.652360],
                [0.492188,0.643777],
                [0.492188,0.587983],
                [0.558594,0.725322],
                [0.492188,0.721030],
                [0.492188,0.643777],
                [0.562500,0.652360],
                [0.421875,0.725322],
                [0.421875,0.652360],
                [0.492188,0.643777],
                [0.492188,0.721030],
                [0.406250,0.587983],
                [0.402344,0.489270],
                [0.492188,0.489270],
                [0.492188,0.587983],
                [0.398438,0.390558],
                [0.492188,0.390558],
                [0.492188,0.489270],
                [0.402344,0.489270],
                [0.582031,0.390558],
                [0.582031,0.489270],
                [0.492188,0.489270],
                [0.492188,0.390558]
            ],
            #faces =
            [
                [4,56,104,59],
                [0,56,103,62],
                [4,63,102,60],
                [1,66,101,68],
                [10,67,13],
                [9,65,14],
                [11,61,12],
                [12,14,17,19],
                [14,15,16,17],
                [13,12,19,18],
                [19,17,16,18],
                [7,58,100,71],
                [6,72,99,74],
                [3,75,98,69],
                [22,77,25],
                [21,73,26],
                [20,70,27],
                [27,25,30,28],
                [26,27,28,29],
                [25,24,31,30],
                [31,29,28,30],
                [3,57,97,80],
                [2,75,96,82],
                [0,66,95,78],
                [35,84,36],
                [33,81,38],
                [32,79,39],
                [39,36,43,40],
                [38,39,40,41],
                [36,37,42,43],
                [43,42,41,40],
                [5,63,94,87],
                [7,72,93,90],
                [4,59,92,85],
                [47,91,48],
                [44,89,51],
                [46,86,49],
                [49,48,55,54],
                [51,50,53,52],
                [48,51,52,55],
                [55,52,53,54],
                [86,47,48],
                [86,48,49],
                [89,45,50],
                [89,50,51],
                [91,44,51],
                [91,51,48],
                [7,90,92,59],
                [44,91,92,90],
                [47,85,92,91],
                [6,88,93,72],
                [45,89,93,88],
                [44,90,93,89],
                [4,85,94,63],
                [47,86,94,85],
                [46,87,94,86],
                [79,35,36],
                [79,36,39],
                [81,32,39],
                [81,39,38],
                [84,34,37],
                [84,37,36],
                [1,83,95,66],
                [34,84,95,83],
                [35,78,95,84],
                [3,80,96,75],
                [32,81,96,80],
                [33,82,96,81],
                [0,78,97,57],
                [35,79,97,78],
                [32,80,97,79],
                [70,22,25],
                [70,25,27],
                [73,20,27],
                [73,27,26],
                [77,23,24],
                [77,24,25],
                [2,76,98,75],
                [23,77,98,76],
                [22,69,98,77],
                [7,71,99,72],
                [20,73,99,71],
                [21,74,99,73],
                [3,69,100,58],
                [22,70,100,69],
                [20,71,100,70],
                [61,9,14],
                [61,14,12],
                [65,8,15],
                [65,15,14],
                [67,11,12],
                [67,12,13],
                [0,62,101,66],
                [11,67,101,62],
                [10,68,101,67],
                [5,64,102,63],
                [8,65,102,64],
                [9,60,102,65],
                [4,60,103,56],
                [9,61,103,60],
                [11,62,103,61],
                [0,57,104,56],
                [3,58,104,57],
                [7,59,104,58]
            ]
        ],

        #part03_base =
        [
            #tex = "static_base",
            #flatshading = 0,
            #twosided = 0,
            #blended = 0,
            #normalsmode = 1,
            #texcoordsmode = 1,
            #vertices =
            [
                [0.267197,-0.000529,-0.268111],
                [0.377942,-0.000529,-0.000748],
                [0.267197,-0.000529,0.266614],
                [-0.000166,-0.000529,0.377360],
                [-0.267529,-0.000529,0.266614],
                [-0.378274,-0.000529,-0.000748],
                [-0.267529,-0.000529,-0.268111],
                [-0.000166,-0.000529,-0.378856],
                [0.267197,0.009862,-0.268111],
                [0.377942,0.009862,-0.000749],
                [0.267197,0.009862,0.266614],
                [-0.000166,0.009862,0.377360],
                [-0.267529,0.009862,0.266614],
                [-0.378274,0.009862,-0.000749],
                [-0.267528,0.009862,-0.268112],
                [-0.000165,0.009862,-0.378856],
                [-0.000166,0.028706,-0.000748],
                [-0.000165,0.028706,-0.351563],
                [-0.248229,0.028706,-0.248812],
                [-0.350981,0.028706,-0.000749],
                [-0.248229,0.028706,0.247315],
                [-0.000166,0.028706,0.350066],
                [0.247898,0.028706,0.247315],
                [0.350649,0.028706,-0.000749],
                [0.247898,0.028706,-0.248812]
            ],
            #normals =
            [
                [0.707107,0.000000,-0.707107],
                [1.000000,0.000000,0.000000],
                [0.707107,0.000000,0.707107],
                [0.000000,0.000000,1.000000],
                [-0.707107,0.000000,0.707107],
                [-1.000000,0.000000,0.000000],
                [-0.707107,0.000000,-0.707107],
                [0.000000,0.000000,-1.000000],
                [0.640578,0.423461,-0.640578],
                [0.905915,0.423460,0.000000],
                [0.640578,0.423461,0.640578],
                [0.000000,0.423460,0.905915],
                [-0.640578,0.423461,0.640578],
                [-0.905915,0.423460,0.000000],
                [-0.640578,0.423461,-0.640578],
                [0.000000,0.423448,-0.905920],
                [0.000000,1.000000,0.000000],
                [0.000000,0.932172,-0.362016],
                [-0.255992,0.932167,-0.255992],
                [-0.362016,0.932172,0.000000],
                [-0.255992,0.932167,0.255992],
                [0.000000,0.932172,0.362016],
                [0.255992,0.932167,0.255992],
                [0.362016,0.932172,0.000000],
                [0.255992,0.932167,-0.255992]
            ],
            #texcoords =
            [
                [0.839844,0.163424],
                [0.832031,0.171206],
                [0.500000,0.035019],
                [0.500000,0.019455],
                [0.500000,0.019455],
                [0.500000,0.035019],
                [0.164062,0.171206],
                [0.156250,0.163424],
                [0.156250,0.163424],
                [0.164062,0.171206],
                [0.027344,0.505837],
                [0.015625,0.505837],
                [0.015625,0.505837],
                [0.027344,0.505837],
                [0.167969,0.836576],
                [0.160156,0.844358],
                [0.160156,0.844358],
                [0.167969,0.836576],
                [0.500000,0.968872],
                [0.500000,0.980545],
                [0.500000,0.980545],
                [0.500000,0.968872],
                [0.832031,0.832685],
                [0.839844,0.840467],
                [0.839844,0.840467],
                [0.832031,0.832685],
                [0.968750,0.501945],
                [0.984375,0.501945],
                [0.832031,0.171206],
                [0.839844,0.163424],
                [0.984375,0.501945],
                [0.968750,0.501945],
                [0.832031,0.171206],
                [0.968750,0.501945],
                [0.929688,0.501945],
                [0.800781,0.202335],
                [0.968750,0.501945],
                [0.832031,0.832685],
                [0.800781,0.805447],
                [0.929688,0.501945],
                [0.832031,0.832685],
                [0.500000,0.968872],
                [0.500000,0.929961],
                [0.800781,0.805447],
                [0.500000,0.968872],
                [0.167969,0.836576],
                [0.199219,0.805447],
                [0.500000,0.929961],
                [0.167969,0.836576],
                [0.027344,0.505837],
                [0.070312,0.505837],
                [0.199219,0.805447],
                [0.027344,0.505837],
                [0.164062,0.171206],
                [0.199219,0.202335],
                [0.070312,0.505837],
                [0.164062,0.171206],
                [0.500000,0.035019],
                [0.500000,0.073930],
                [0.199219,0.202335],
                [0.500000,0.035019],
                [0.832031,0.171206],
                [0.800781,0.202335],
                [0.500000,0.073930],
                [0.500000,0.498054],
                [0.500000,0.073930],
                [0.800781,0.202335],
                [0.500000,0.498054],
                [0.199219,0.202335],
                [0.500000,0.073930],
                [0.500000,0.498054],
                [0.070312,0.505837],
                [0.199219,0.202335],
                [0.500000,0.498054],
                [0.199219,0.805447],
                [0.070312,0.505837],
                [0.500000,0.498054],
                [0.500000,0.929961],
                [0.199219,0.805447],
                [0.500000,0.498054],
                [0.800781,0.805447],
                [0.500000,0.929961],
                [0.500000,0.498054],
                [0.929688,0.501945],
                [0.800781,0.805447],
                [0.500000,0.498054],
                [0.800781,0.202335],
                [0.929688,0.501945]
            ],
            #faces =
            [
                [0,8,9,1],
                [1,9,10,2],
                [2,10,11,3],
                [3,11,12,4],
                [4,12,13,5],
                [5,13,14,6],
                [6,14,15,7],
                [8,0,7,15],
                [8,15,17,24],
                [15,14,18,17],
                [14,13,19,18],
                [13,12,20,19],
                [12,11,21,20],
                [11,10,22,21],
                [10,9,23,22],
                [9,8,24,23],
                [16,23,24],
                [16,22,23],
                [16,21,22],
                [16,20,21],
                [16,19,20],
                [16,18,19],
                [16,17,18],
                [16,24,17]
            ]
        ]
    ]
]
