[
    #anim = [],

    #controlpoints = [0.0, 0.0, 0.0, 1.0, 0.0, 0.0, 0.0, 0.0, 1.0, 1.0, 0.0, 1.0,
                      0.0, 1.25, 0.0, 1.0, 1.25, 0.0, 0.0, 1.25, 1.0, 1.0, 1.25, 1.0],

    #parts =
    [
        #part0_base1 =
        [
            #tex = "generator_base1",
            #flatshading = 0,
            #twosided = 0,
            #blended = 0,
            #normalsmode = 1,
            #texcoordsmode = 1,
            #vertices =
            [
                [0.509100,0.092803,0.499340],
                [0.919576,0.004542,0.337300],
                [0.684771,0.004542,0.094511],
                [0.347060,0.004542,0.088865],
                [0.104271,0.004542,0.323670],
                [0.098625,0.004542,0.661380],
                [0.333430,0.004542,0.904170],
                [0.671140,0.004542,0.909816],
                [0.913930,0.004542,0.675011],
                [0.919576,0.092803,0.337300],
                [0.684771,0.092803,0.094511],
                [0.347060,0.092803,0.088865],
                [0.104271,0.092803,0.323670],
                [0.098625,0.092803,0.661380],
                [0.333430,0.092803,0.904170],
                [0.671140,0.092803,0.909816],
                [0.913930,0.092803,0.675011]
            ],
            #normals =
            [
                [0.000000,1.000000,0.000000],
                [0.930153,0.000000,-0.367172],
                [0.398066,0.000000,-0.917357],
                [-0.367172,0.000000,-0.930153],
                [-0.917357,0.000000,-0.398066],
                [-0.930153,0.000000,0.367172],
                [-0.398066,0.000000,0.917357],
                [0.367172,0.000000,0.930153],
                [0.917357,0.000000,0.398066],
                [0.930153,0.000000,-0.367172],
                [0.398066,0.000000,-0.917357],
                [-0.367172,0.000000,-0.930153],
                [-0.917357,0.000000,-0.398066],
                [-0.930153,0.000000,0.367172],
                [-0.398066,0.000000,0.917357],
                [0.367172,0.000000,0.930153],
                [0.917357,0.000000,0.398066]
            ],
            #texcoords =
            [
                [0.893839,0.497909],
                [0.981937,0.497909],
                [0.833269,0.847071],
                [0.777441,0.789951],
                [0.775426,0.207932],
                [0.831253,0.150813],
                [0.981937,0.497909],
                [0.893839,0.497909],
                [0.493953,0.092936],
                [0.493953,0.014129],
                [0.831253,0.150813],
                [0.775426,0.207932],
                [0.212480,0.207932],
                [0.156653,0.150813],
                [0.493953,0.014129],
                [0.493953,0.092936],
                [0.090035,0.497910],
                [0.001937,0.497909],
                [0.156653,0.150813],
                [0.212480,0.207932],
                [0.214496,0.789951],
                [0.158669,0.847071],
                [0.001937,0.497909],
                [0.090035,0.497910],
                [0.495969,0.904947],
                [0.495969,0.983755],
                [0.158669,0.847071],
                [0.214496,0.789951],
                [0.777441,0.789951],
                [0.833269,0.847071],
                [0.495969,0.983755],
                [0.495969,0.904947],
                [0.491937,0.497910],
                [0.893839,0.497909],
                [0.777441,0.789951],
                [0.491937,0.497910],
                [0.775426,0.207932],
                [0.893839,0.497909],
                [0.491937,0.497910],
                [0.493953,0.092936],
                [0.775426,0.207932],
                [0.491937,0.497910],
                [0.212480,0.207932],
                [0.493953,0.092936],
                [0.491937,0.497910],
                [0.090035,0.497910],
                [0.212480,0.207932],
                [0.491937,0.497910],
                [0.214496,0.789951],
                [0.090035,0.497910],
                [0.491937,0.497910],
                [0.495969,0.904947],
                [0.214496,0.789951],
                [0.491937,0.497910],
                [0.777441,0.789951],
                [0.495969,0.904947]
            ],
            #faces =
            [
                [15,7,8,16],
                [14,6,7,15],
                [13,5,6,14],
                [12,4,5,13],
                [11,3,4,12],
                [10,2,3,11],
                [9,1,2,10],
                [16,8,1,9],
                [0,15,16],
                [0,14,15],
                [0,13,14],
                [0,12,13],
                [0,11,12],
                [0,10,11],
                [0,9,10],
                [0,16,9]
            ]
        ],

        #part1_pylons =
        [
            #tex = "generator_pylons",
            #flatshading = 0,
            #twosided = 0,
            #blended = 0,
            #normalsmode = 1,
            #texcoordsmode = 1,
            #vertices =
            [
                [0.571554,0.943212,0.437825],
                [0.589649,0.927790,0.420334],
                [0.562013,0.927790,0.399530],
                [0.550209,0.943212,0.421756],
                [0.472683,0.943212,0.420441],
                [0.461640,0.927790,0.397827],
                [0.433314,0.927790,0.417681],
                [0.450805,0.943212,0.435776],
                [0.434736,0.943212,0.457121],
                [0.412510,0.927790,0.445317],
                [0.410807,0.927790,0.545690],
                [0.433421,0.943212,0.534647],
                [0.448756,0.943212,0.556525],
                [0.430661,0.927790,0.574016],
                [0.458297,0.927790,0.594820],
                [0.470101,0.943212,0.572594],
                [0.547627,0.943212,0.573909],
                [0.558670,0.927790,0.596523],
                [0.586996,0.927790,0.576669],
                [0.569505,0.943212,0.558574],
                [0.585573,0.943212,0.537229],
                [0.607800,0.927790,0.549033],
                [0.609503,0.927790,0.448660],
                [0.586889,0.943212,0.459703],
                [0.687289,0.226572,0.410675],
                [0.739491,0.190972,0.385182],
                [0.735560,0.190972,0.616885],
                [0.684252,0.226572,0.589636],
                [0.647159,0.226572,0.638909],
                [0.687535,0.190972,0.680680],
                [0.622148,0.190972,0.726512],
                [0.596655,0.226572,0.674309],
                [0.417694,0.226572,0.671272],
                [0.390445,0.190972,0.722580],
                [0.326650,0.190972,0.674556],
                [0.368421,0.226572,0.634179],
                [0.333021,0.226572,0.583675],
                [0.280818,0.190972,0.609168],
                [0.284750,0.190972,0.377465],
                [0.336058,0.226572,0.404714],
                [0.373151,0.226572,0.355441],
                [0.332774,0.190972,0.313670],
                [0.398162,0.190972,0.267838],
                [0.423654,0.226572,0.320041],
                [0.602616,0.226572,0.323078],
                [0.629865,0.190972,0.271770],
                [0.693659,0.190972,0.319795],
                [0.651889,0.226572,0.360171]
            ],
            #normals =
            [
                [-0.348959,0.874320,0.337331],
                [0.599183,0.552733,-0.579193],
                [-0.190286,0.451438,-0.871777],
                [-0.694990,0.714553,0.080022],
                [0.691876,0.714552,0.103553],
                [0.219738,0.451440,-0.864822],
                [-0.579193,0.552733,-0.599183],
                [0.337331,0.874320,0.348959],
                [0.080022,0.714553,0.694990],
                [-0.871777,0.451438,0.190286],
                [-0.864822,0.451440,-0.219738],
                [0.103553,0.714552,-0.691876],
                [0.348959,0.874320,-0.337331],
                [-0.599183,0.552733,0.579193],
                [0.190286,0.451438,0.871777],
                [0.694990,0.714553,-0.080022],
                [-0.691876,0.714552,-0.103553],
                [-0.219738,0.451440,0.864822],
                [0.579193,0.552733,0.599183],
                [-0.337331,0.874320,-0.348959],
                [-0.080022,0.714553,-0.694990],
                [0.871777,0.451438,-0.190286],
                [0.864822,0.451440,0.219738],
                [-0.103553,0.714552,0.691876],
                [-0.086126,-0.079991,0.993068],
                [0.980764,0.179605,-0.076450],
                [0.977605,0.179603,0.109684],
                [-0.052371,-0.079991,-0.995419],
                [-0.686711,-0.154030,-0.710424],
                [0.681982,0.192637,0.705543],
                [0.076450,0.179605,0.980764],
                [-0.993070,-0.079991,-0.086095],
                [0.995419,-0.079991,-0.052371],
                [-0.109684,0.179603,0.977605],
                [-0.705543,0.192637,0.681982],
                [0.710424,-0.154030,-0.686711],
                [0.086095,-0.079991,-0.993070],
                [-0.980764,0.179605,0.076450],
                [-0.977605,0.179603,-0.109684],
                [0.052371,-0.079991,0.995419],
                [0.686711,-0.154030,0.710424],
                [-0.681982,0.192637,-0.705543],
                [-0.076450,0.179605,-0.980764],
                [0.993068,-0.079991,0.086126],
                [-0.995419,-0.079991,0.052371],
                [0.109684,0.179603,-0.977605],
                [0.705543,0.192637,-0.681982],
                [-0.710424,-0.154030,0.686711]
            ],
            #texcoords =
            [
                [0.492814,0.928991],
                [0.492741,0.988620],
                [0.289066,0.964857],
                [0.362240,0.927374],
                [0.495479,0.989676],
                [0.499442,0.929361],
                [0.620075,0.930230],
                [0.701809,0.959665],
                [0.363656,0.929374],
                [0.499442,0.929361],
                [0.495479,0.989676],
                [0.288360,0.961678],
                [0.487020,0.929724],
                [0.622795,0.930605],
                [0.698839,0.960401],
                [0.495008,0.990311],
                [0.288221,0.962821],
                [0.362611,0.928758],
                [0.487020,0.929724],
                [0.495008,0.990311],
                [0.491619,0.988638],
                [0.490822,0.929983],
                [0.622099,0.929044],
                [0.701345,0.961573],
                [0.361997,0.929401],
                [0.490822,0.929983],
                [0.491619,0.988638],
                [0.288546,0.961269],
                [0.696433,0.960537],
                [0.492741,0.988620],
                [0.492814,0.928991],
                [0.616558,0.930341],
                [0.501970,0.006953],
                [0.790760,0.005421],
                [0.616558,0.930341],
                [0.492814,0.928991],
                [0.790760,0.005421],
                [0.959496,0.005208],
                [0.696433,0.960537],
                [0.616558,0.930341],
                [0.489768,0.930124],
                [0.351102,0.931038],
                [0.192973,0.007850],
                [0.486858,0.007612],
                [0.027740,0.008502],
                [0.205241,0.006025],
                [0.361997,0.929401],
                [0.288546,0.961269],
                [0.205241,0.006025],
                [0.501657,0.005300],
                [0.490822,0.929983],
                [0.361997,0.929401],
                [0.490550,0.005882],
                [0.789315,0.006864],
                [0.621836,0.929882],
                [0.492411,0.929457],
                [0.194668,0.007658],
                [0.490550,0.005882],
                [0.492411,0.929457],
                [0.364236,0.930226],
                [0.501657,0.005300],
                [0.784826,0.005686],
                [0.622099,0.929044],
                [0.490822,0.929983],
                [0.784826,0.005686],
                [0.960370,0.007362],
                [0.701345,0.961573],
                [0.622099,0.929044],
                [0.024426,0.007701],
                [0.194786,0.007283],
                [0.362611,0.928758],
                [0.288221,0.962821],
                [0.498510,0.007671],
                [0.790437,0.007004],
                [0.617929,0.928680],
                [0.490861,0.929925],
                [0.194786,0.007283],
                [0.488880,0.006767],
                [0.487020,0.929724],
                [0.362611,0.928758],
                [0.488880,0.006767],
                [0.795600,0.006182],
                [0.622795,0.930605],
                [0.487020,0.929724],
                [0.795600,0.006182],
                [0.963585,0.005482],
                [0.698839,0.960401],
                [0.622795,0.930605],
                [0.197509,0.007760],
                [0.498510,0.007671],
                [0.490861,0.929925],
                [0.361181,0.930470],
                [0.020584,0.006038],
                [0.205867,0.005843],
                [0.363656,0.929374],
                [0.288360,0.961678],
                [0.205867,0.005843],
                [0.504526,0.005788],
                [0.499442,0.929361],
                [0.363656,0.929374],
                [0.495954,0.004342],
                [0.796314,0.005722],
                [0.621650,0.926366],
                [0.491534,0.925768],
                [0.195594,0.005622],
                [0.495954,0.004342],
                [0.491534,0.925768],
                [0.361419,0.926323],
                [0.504526,0.005788],
                [0.797342,0.009403],
                [0.620075,0.930230],
                [0.499442,0.929361],
                [0.797342,0.009403],
                [0.967369,0.008872],
                [0.701809,0.959665],
                [0.620075,0.930230],
                [0.026559,0.006360],
                [0.196724,0.006145],
                [0.362240,0.927374],
                [0.289066,0.964857],
                [0.628449,0.930437],
                [0.489768,0.930124],
                [0.486858,0.007612],
                [0.796067,0.008336],
                [0.196724,0.006145],
                [0.501970,0.006953],
                [0.492814,0.928991],
                [0.362240,0.927374]
            ],
            #faces =
            [
                [1,0,23,22],
                [19,18,21,20],
                [17,18,19,16],
                [13,14,15,12],
                [11,10,13,12],
                [7,6,9,8],
                [5,6,7,4],
                [3,0,1,2],
                [46,45,2,1],
                [45,44,3,2],
                [0,3,44,47],
                [43,42,5,4],
                [42,41,6,5],
                [40,43,4,7],
                [39,40,7,8],
                [41,38,9,6],
                [38,39,8,9],
                [36,37,10,11],
                [35,36,11,12],
                [37,34,13,10],
                [34,33,14,13],
                [33,32,15,14],
                [32,35,12,15],
                [31,30,17,16],
                [30,29,18,17],
                [28,31,16,19],
                [27,28,19,20],
                [29,26,21,18],
                [26,27,20,21],
                [24,25,22,23],
                [23,0,47,24],
                [25,46,1,22]
            ]
        ],

        #part2_crystal =
        [
            #tex = "generator_crystal",
            #flatshading = 0,
            #twosided = 0,
            #blended = 0,
            #normalsmode = 1,
            #texcoordsmode = 1,
            #vertices =
            [
                [0.510612,0.874430,0.471463],
                [0.534812,0.874430,0.496499],
                [0.509777,0.874430,0.520699],
                [0.485576,0.874430,0.495663],
                [0.511606,0.919177,0.381245],
                [0.625013,0.919177,0.498566],
                [0.507691,0.919177,0.611973],
                [0.394285,0.919177,0.494651],
                [0.394285,0.959411,0.494651],
                [0.507691,0.959411,0.611973],
                [0.625013,0.959411,0.498566],
                [0.511606,0.959411,0.381245],
                [0.510402,1.219604,0.452190],
                [0.554067,1.219604,0.497362],
                [0.508895,1.219604,0.541027],
                [0.465230,1.219604,0.495855],
                [0.487782,1.246806,0.496238],
                [0.509277,1.246806,0.518475],
                [0.531515,1.246806,0.496980],
                [0.510020,1.246806,0.474742]
            ],
            #normals =
            [
                [0.007569,-0.944440,-0.328598],
                [0.328687,-0.944432,0.003540],
                [-0.003510,-0.945487,0.325641],
                [-0.325552,-0.945494,-0.007508],
                [0.014863,-0.442005,-0.896889],
                [0.896874,-0.442013,0.015534],
                [-0.015534,-0.443506,0.896137],
                [-0.896152,-0.443498,-0.014863],
                [-0.991956,0.125463,-0.016816],
                [-0.016816,0.125463,0.991956],
                [0.991956,0.125463,0.016816],
                [0.016816,0.125463,-0.991956],
                [0.015351,0.425645,-0.904760],
                [0.904760,0.425645,0.015351],
                [-0.015351,0.425645,0.904760],
                [-0.904760,0.425645,-0.015351],
                [-0.564824,0.825156,-0.009583],
                [-0.009583,0.825156,0.564824],
                [0.564824,0.825156,0.009583],
                [0.009583,0.825156,-0.564824]
            ],
            #texcoords =
            [
                [0.081591,0.595256],
                [0.010653,0.597130],
                [0.010000,0.393658],
                [0.080938,0.391784],
                [0.082960,0.391887],
                [0.242656,0.033132],
                [0.242937,0.952796],
                [0.081317,0.596940],
                [0.084240,0.391010],
                [0.240950,0.022535],
                [0.243832,0.952326],
                [0.084159,0.599533],
                [0.082748,0.392766],
                [0.242742,0.024564],
                [0.244356,0.955173],
                [0.080000,0.599966],
                [0.242171,0.961629],
                [0.081591,0.595256],
                [0.080938,0.391784],
                [0.237110,0.019498],
                [0.242937,0.952796],
                [0.242656,0.033132],
                [0.321195,0.020923],
                [0.321476,0.955150],
                [0.243832,0.952326],
                [0.240950,0.022535],
                [0.323133,0.024564],
                [0.323455,0.957995],
                [0.244356,0.955173],
                [0.242742,0.024564],
                [0.322185,0.021787],
                [0.322518,0.956038],
                [0.242171,0.961629],
                [0.237110,0.019498],
                [0.319079,0.017333],
                [0.324140,0.959464],
                [0.324140,0.959464],
                [0.319079,0.017333],
                [0.861873,0.301954],
                [0.867052,0.674773],
                [0.322518,0.956038],
                [0.322185,0.021787],
                [0.866123,0.298620],
                [0.864773,0.657827],
                [0.323455,0.957995],
                [0.323133,0.024564],
                [0.865718,0.300662],
                [0.865377,0.661792],
                [0.321476,0.955150],
                [0.321195,0.020923],
                [0.864666,0.303052],
                [0.865096,0.660848],
                [0.865096,0.660848],
                [0.864666,0.303052],
                [0.929178,0.375185],
                [0.931120,0.560232],
                [0.865377,0.661792],
                [0.865718,0.300662],
                [0.931486,0.372460],
                [0.931120,0.564639],
                [0.864773,0.657827],
                [0.866123,0.298620],
                [0.931120,0.384209],
                [0.930456,0.559029],
                [0.867052,0.674773],
                [0.861873,0.301954],
                [0.926409,0.376392],
                [0.926992,0.557120],
                [0.926992,0.557120],
                [0.926409,0.376392],
                [0.989418,0.374723],
                [0.990000,0.555450]
            ],
            #faces =
            [
                [0,1,2,3],
                [0,4,5,1],
                [1,5,6,2],
                [2,6,7,3],
                [4,0,3,7],
                [5,4,11,10],
                [6,5,10,9],
                [7,6,9,8],
                [4,7,8,11],
                [11,8,15,12],
                [8,9,14,15],
                [9,10,13,14],
                [10,11,12,13],
                [13,12,19,18],
                [14,13,18,17],
                [15,14,17,16],
                [12,15,16,19],
                [19,16,17,18]
            ]
        ],

        #part3_base2 =
        [
            #tex = "generator_base2",
            #flatshading = 0,
            #twosided = 0,
            #blended = 0,
            #normalsmode = 1,
            #texcoordsmode = 1,
            #vertices =
            [
                [0.525187,0.252153,0.482644],
                [0.606629,0.252646,0.403921],
                [0.651889,0.226572,0.360171],
                [0.693659,0.190972,0.319795],
                [0.730911,0.146722,0.283786],
                [0.762727,0.094911,0.253032],
                [0.674921,0.094911,0.186932],
                [0.654166,0.146722,0.226013],
                [0.629865,0.190972,0.271770],
                [0.602616,0.226572,0.323078],
                [0.573090,0.252646,0.378673],
                [0.519972,0.252153,0.478721],
                [0.513796,0.252153,0.476605],
                [0.533390,0.252646,0.365025],
                [0.544291,0.226572,0.303027],
                [0.554352,0.190972,0.245810],
                [0.563324,0.146722,0.194782],
                [0.570986,0.094911,0.151201],
                [0.461097,0.094911,0.149336],
                [0.467277,0.146722,0.193152],
                [0.474512,0.190972,0.244455],
                [0.482625,0.226572,0.301980],
                [0.491416,0.252646,0.364312],
                [0.507264,0.252153,0.476502],
                [0.501014,0.252153,0.478423],
                [0.451277,0.252646,0.376606],
                [0.423654,0.226572,0.320041],
                [0.398162,0.190972,0.267838],
                [0.375427,0.146722,0.221282],
                [0.356010,0.094911,0.181520],
                [0.266012,0.094911,0.244603],
                [0.296766,0.146722,0.276419],
                [0.332774,0.190972,0.313670],
                [0.373151,0.226572,0.355441],
                [0.416900,0.252646,0.400701],
                [0.495660,0.252153,0.482179],
                [0.491724,0.252153,0.487404],
                [0.391652,0.252646,0.434240],
                [0.336058,0.226572,0.404714],
                [0.284750,0.190972,0.377465],
                [0.238992,0.146722,0.353164],
                [0.199912,0.094911,0.332409],
                [0.164180,0.094911,0.436343],
                [0.207762,0.146722,0.444006],
                [0.258790,0.190972,0.452978],
                [0.316007,0.226572,0.463039],
                [0.378004,0.252646,0.473939],
                [0.489592,0.252153,0.493584],
                [0.489473,0.252153,0.500117],
                [0.377292,0.252646,0.515913],
                [0.314960,0.226572,0.524704],
                [0.257435,0.190972,0.532818],
                [0.206132,0.146722,0.540053],
                [0.162316,0.094911,0.546233],
                [0.194500,0.094911,0.651320],
                [0.234262,0.146722,0.631903],
                [0.280818,0.190972,0.609168],
                [0.333021,0.226572,0.583675],
                [0.389585,0.252646,0.556053],
                [0.491379,0.252153,0.506361],
                [0.495122,0.252153,0.511706],
                [0.413681,0.252646,0.590429],
                [0.368421,0.226572,0.634179],
                [0.326650,0.190972,0.674556],
                [0.289398,0.146722,0.710564],
                [0.257582,0.094911,0.741318],
                [0.345389,0.094911,0.807418],
                [0.366144,0.146722,0.768337],
                [0.390445,0.190972,0.722580],
                [0.417694,0.226572,0.671272],
                [0.447220,0.252646,0.615677],
                [0.500337,0.252153,0.515629],
                [0.506513,0.252153,0.517745],
                [0.486919,0.252646,0.629325],
                [0.476018,0.226572,0.691323],
                [0.465958,0.190972,0.748540],
                [0.456986,0.146722,0.799568],
                [0.449323,0.094911,0.843149],
                [0.559213,0.094911,0.845014],
                [0.553033,0.146722,0.801198],
                [0.545797,0.190972,0.749895],
                [0.537684,0.226572,0.692369],
                [0.528893,0.252646,0.630038],
                [0.513046,0.252153,0.517848],
                [0.519295,0.252153,0.515927],
                [0.569033,0.252646,0.617745],
                [0.596655,0.226572,0.674309],
                [0.622148,0.190972,0.726512],
                [0.644882,0.146722,0.773068],
                [0.664300,0.094911,0.812830],
                [0.754298,0.094911,0.749747],
                [0.723544,0.146722,0.717931],
                [0.687535,0.190972,0.680680],
                [0.647159,0.226572,0.638909],
                [0.603409,0.252646,0.593649],
                [0.524650,0.252153,0.512171],
                [0.528586,0.252153,0.506946],
                [0.628657,0.252646,0.560110],
                [0.684252,0.226572,0.589636],
                [0.735560,0.190972,0.616885],
                [0.781317,0.146722,0.641186],
                [0.820398,0.094911,0.661941],
                [0.856129,0.094911,0.558006],
                [0.812547,0.146722,0.550344],
                [0.761520,0.190972,0.541372],
                [0.704303,0.226572,0.531311],
                [0.642305,0.252646,0.520411],
                [0.530718,0.252153,0.500766],
                [0.530836,0.252153,0.494233],
                [0.643018,0.252646,0.478437],
                [0.705349,0.226572,0.469646],
                [0.762875,0.190972,0.461532],
                [0.814177,0.146722,0.454297],
                [0.857994,0.094911,0.448117],
                [0.825810,0.094911,0.343030],
                [0.786047,0.146722,0.362447],
                [0.739491,0.190972,0.385182],
                [0.687289,0.226572,0.410675],
                [0.630724,0.252646,0.438297],
                [0.528931,0.252153,0.487989],
                [0.528975,0.877495,0.487984],
                [0.530894,0.877495,0.494250],
                [0.530783,0.877495,0.500802],
                [0.528652,0.877495,0.506999],
                [0.524711,0.877495,0.512234],
                [0.519345,0.877495,0.515995],
                [0.513080,0.877495,0.517914],
                [0.506528,0.877495,0.517803],
                [0.500331,0.877495,0.515673],
                [0.495096,0.877495,0.511732],
                [0.491334,0.877495,0.506366],
                [0.489416,0.877495,0.500100],
                [0.489527,0.877495,0.493548],
                [0.491657,0.877495,0.487351],
                [0.495598,0.877495,0.482116],
                [0.500964,0.877495,0.478355],
                [0.507230,0.877495,0.476436],
                [0.513782,0.877495,0.476547],
                [0.519979,0.877495,0.478677],
                [0.525214,0.877495,0.482618]
            ],
            #normals =
            [
                [-0.003113,0.999991,0.003021],
                [0.152261,0.977318,-0.147194],
                [0.275134,0.923890,-0.265948],
                [0.466941,0.760412,-0.451376],
                [0.511193,0.703218,-0.494132],
                [0.546730,0.649459,-0.528479],
                [0.356648,0.649451,-0.671577],
                [0.333478,0.703212,-0.627922],
                [0.265609,0.789747,-0.552948],
                [0.177102,0.899426,-0.399585],
                [0.099340,0.977314,-0.187052],
                [-0.002014,0.999991,0.003845],
                [-0.000732,0.999991,0.004273],
                [0.036654,0.977321,-0.208569],
                [0.079686,0.887835,-0.453210],
                [0.102667,0.805312,-0.583894],
                [0.123114,0.703221,-0.700230],
                [0.131661,0.649454,-0.748916],
                [-0.106175,0.649442,-0.752962],
                [-0.099278,0.703217,-0.704010],
                [-0.082767,0.805301,-0.587061],
                [-0.064243,0.887836,-0.455653],
                [-0.029573,0.977319,-0.209698],
                [0.000580,0.999991,0.004303],
                [0.001892,0.999991,0.003906],
                [-0.092931,0.977320,-0.190288],
                [-0.163428,0.899420,-0.405382],
                [-0.246687,0.789747,-0.561646],
                [-0.311969,0.703228,-0.638863],
                [-0.333665,0.649446,-0.683292],
                [-0.528479,0.649459,-0.546730],
                [-0.494132,0.703218,-0.511193],
                [-0.451376,0.760412,-0.466941],
                [-0.265948,0.923890,-0.275134],
                [-0.147194,0.977318,-0.152261],
                [0.003021,0.999991,0.003113],
                [0.003845,0.999991,0.002014],
                [-0.187052,0.977314,-0.099340],
                [-0.399585,0.899426,-0.177102],
                [-0.552948,0.789747,-0.265609],
                [-0.627922,0.703212,-0.333478],
                [-0.671577,0.649451,-0.356648],
                [-0.748916,0.649454,-0.131661],
                [-0.700230,0.703221,-0.123114],
                [-0.583894,0.805312,-0.102667],
                [-0.453210,0.887835,-0.079686],
                [-0.208569,0.977321,-0.036654],
                [0.004273,0.999991,0.000732],
                [0.004303,0.999991,-0.000580],
                [-0.209698,0.977319,0.029573],
                [-0.455653,0.887836,0.064243],
                [-0.587061,0.805301,0.082767],
                [-0.704010,0.703217,0.099278],
                [-0.752962,0.649442,0.106175],
                [-0.683292,0.649446,0.333665],
                [-0.638863,0.703228,0.311969],
                [-0.561646,0.789747,0.246687],
                [-0.405382,0.899420,0.163428],
                [-0.190288,0.977320,0.092931],
                [0.003906,0.999991,-0.001892],
                [0.003113,0.999991,-0.003021],
                [-0.152261,0.977318,0.147194],
                [-0.275134,0.923890,0.265948],
                [-0.466941,0.760412,0.451376],
                [-0.511193,0.703218,0.494132],
                [-0.546730,0.649459,0.528479],
                [-0.356648,0.649451,0.671577],
                [-0.333478,0.703212,0.627922],
                [-0.265609,0.789747,0.552948],
                [-0.177102,0.899426,0.399585],
                [-0.099340,0.977314,0.187052],
                [0.002014,0.999991,-0.003845],
                [0.000732,0.999991,-0.004273],
                [-0.036654,0.977321,0.208569],
                [-0.079686,0.887835,0.453210],
                [-0.102667,0.805312,0.583894],
                [-0.123114,0.703221,0.700230],
                [-0.131661,0.649454,0.748916],
                [0.106175,0.649442,0.752962],
                [0.099278,0.703217,0.704010],
                [0.082767,0.805301,0.587061],
                [0.064243,0.887836,0.455653],
                [0.029573,0.977319,0.209698],
                [-0.000580,0.999991,-0.004303],
                [-0.001892,0.999991,-0.003906],
                [0.092931,0.977320,0.190288],
                [0.163428,0.899420,0.405382],
                [0.246687,0.789747,0.561646],
                [0.311969,0.703228,0.638863],
                [0.333665,0.649446,0.683292],
                [0.528479,0.649459,0.546730],
                [0.494132,0.703218,0.511193],
                [0.451376,0.760412,0.466941],
                [0.265948,0.923890,0.275134],
                [0.147194,0.977318,0.152261],
                [0.328417,0.911791,0.246534],
                [0.327657,0.911799,0.247513],
                [0.187052,0.977314,0.099340],
                [0.399585,0.899426,0.177102],
                [0.552948,0.789747,0.265609],
                [0.627922,0.703212,0.333478],
                [0.671577,0.649451,0.356648],
                [0.748916,0.649454,0.131661],
                [0.700230,0.703221,0.123114],
                [0.583894,0.805312,0.102667],
                [0.453210,0.887835,0.079686],
                [0.208569,0.977321,0.036654],
                [-0.004273,0.999991,-0.000732],
                [-0.004303,0.999991,0.000580],
                [0.209698,0.977319,-0.029573],
                [0.455653,0.887836,-0.064243],
                [0.587061,0.805301,-0.082767],
                [0.704010,0.703217,-0.099278],
                [0.752962,0.649442,-0.106175],
                [0.683292,0.649446,-0.333665],
                [0.638863,0.703228,-0.311969],
                [0.561646,0.789747,-0.246687],
                [0.405382,0.899420,-0.163428],
                [0.190288,0.977320,-0.092931],
                [-0.003906,0.999991,0.001892],
                [0.898731,-0.000061,-0.438501],
                [0.990282,-0.000061,-0.139075],
                [0.984796,-0.000092,0.173716],
                [0.798819,-0.000122,0.601571],
                [0.798819,-0.000122,0.601571],
                [0.439114,-0.000122,0.898431],
                [0.140204,-0.000092,0.990123],
                [-0.172614,-0.000061,0.984990],
                [-0.468739,-0.000061,0.883337],
                [-0.718999,-0.000061,0.695011],
                [-0.898731,-0.000061,0.438501],
                [-0.990282,-0.000061,0.139075],
                [-0.984796,-0.000092,-0.173716],
                [-0.883010,-0.000122,-0.469354],
                [-0.695011,-0.000122,-0.718999],
                [-0.439114,-0.000122,-0.898431],
                [-0.140204,-0.000092,-0.990123],
                [0.172614,-0.000061,-0.984990],
                [0.468739,-0.000061,-0.883337],
                [0.718999,-0.000061,-0.695011]
            ],
            #texcoords =
            [
                [0.980258,0.497006],
                [0.955205,0.647778],
                [0.877548,0.618552],
                [0.897298,0.495024],
                [0.897298,0.495024],
                [0.877548,0.618552],
                [0.795910,0.591982],
                [0.810915,0.495023],
                [0.729270,0.495022],
                [0.718804,0.565086],
                [0.643983,0.541481],
                [0.651340,0.495022],
                [0.522726,0.502132],
                [0.523940,0.495022],
                [0.651340,0.495022],
                [0.643983,0.541481],
                [0.522726,0.502132],
                [0.643983,0.541481],
                [0.622346,0.583500],
                [0.519305,0.508542],
                [0.643983,0.541481],
                [0.718804,0.565086],
                [0.685591,0.629427],
                [0.622346,0.583500],
                [0.718804,0.565086],
                [0.795910,0.591982],
                [0.751070,0.677670],
                [0.685591,0.629427],
                [0.795910,0.591982],
                [0.877548,0.618552],
                [0.819858,0.728311],
                [0.751070,0.677670],
                [0.877548,0.618552],
                [0.955205,0.647778],
                [0.888383,0.779204],
                [0.819858,0.728311],
                [0.888383,0.779204],
                [0.781494,0.884357],
                [0.732124,0.815198],
                [0.819858,0.728311],
                [0.819858,0.728311],
                [0.732124,0.815198],
                [0.682403,0.745955],
                [0.751070,0.677670],
                [0.751070,0.677670],
                [0.682403,0.745955],
                [0.634668,0.680260],
                [0.685591,0.629427],
                [0.685591,0.629427],
                [0.634668,0.680260],
                [0.588844,0.616921],
                [0.622346,0.583500],
                [0.622346,0.583500],
                [0.588844,0.616921],
                [0.514010,0.513694],
                [0.519305,0.508542],
                [0.514010,0.513694],
                [0.588844,0.616921],
                [0.546620,0.638320],
                [0.507360,0.516997],
                [0.588844,0.616921],
                [0.634668,0.680260],
                [0.570272,0.712732],
                [0.546620,0.638320],
                [0.634668,0.680260],
                [0.682403,0.745955],
                [0.596312,0.789107],
                [0.570272,0.712732],
                [0.682403,0.745955],
                [0.732124,0.815198],
                [0.621946,0.870086],
                [0.596312,0.789107],
                [0.732124,0.815198],
                [0.781494,0.884357],
                [0.647710,0.950930],
                [0.621946,0.870086],
                [0.647710,0.950930],
                [0.499978,0.974342],
                [0.500002,0.889392],
                [0.621946,0.870086],
                [0.621946,0.870086],
                [0.500002,0.889392],
                [0.500001,0.804055],
                [0.596312,0.789107],
                [0.570272,0.712732],
                [0.500001,0.723663],
                [0.500001,0.645696],
                [0.546620,0.638320],
                [0.546620,0.638320],
                [0.500001,0.645696],
                [0.500001,0.518141],
                [0.507360,0.516997],
                [0.500001,0.518141],
                [0.500001,0.645696],
                [0.453382,0.638320],
                [0.492643,0.516997],
                [0.500001,0.645696],
                [0.500001,0.723663],
                [0.429731,0.712733],
                [0.453382,0.638320],
                [0.500001,0.804055],
                [0.500002,0.889392],
                [0.378057,0.870087],
                [0.403691,0.789107],
                [0.500002,0.889392],
                [0.499978,0.974342],
                [0.352246,0.950930],
                [0.378057,0.870087],
                [0.352246,0.950930],
                [0.218461,0.884359],
                [0.267879,0.815199],
                [0.378057,0.870087],
                [0.378057,0.870087],
                [0.267879,0.815199],
                [0.317600,0.745956],
                [0.403691,0.789107],
                [0.403691,0.789107],
                [0.317600,0.745956],
                [0.365335,0.680260],
                [0.429731,0.712733],
                [0.429731,0.712733],
                [0.365335,0.680260],
                [0.411158,0.616921],
                [0.453382,0.638320],
                [0.453382,0.638320],
                [0.411158,0.616921],
                [0.485992,0.513694],
                [0.492643,0.516997],
                [0.485992,0.513694],
                [0.411158,0.616921],
                [0.377656,0.583500],
                [0.480697,0.508542],
                [0.411158,0.616921],
                [0.365335,0.680260],
                [0.314411,0.629427],
                [0.377656,0.583500],
                [0.365335,0.680260],
                [0.317600,0.745956],
                [0.248932,0.677671],
                [0.314411,0.629427],
                [0.317600,0.745956],
                [0.267879,0.815199],
                [0.180144,0.728312],
                [0.248932,0.677671],
                [0.267879,0.815199],
                [0.218461,0.884359],
                [0.111571,0.779205],
                [0.180144,0.728312],
                [0.111571,0.779205],
                [0.040795,0.645810],
                [0.122453,0.618553],
                [0.180144,0.728312],
                [0.180144,0.728312],
                [0.122453,0.618553],
                [0.204092,0.591982],
                [0.248932,0.677671],
                [0.248932,0.677671],
                [0.204092,0.591982],
                [0.281198,0.565086],
                [0.314411,0.629427],
                [0.314411,0.629427],
                [0.281198,0.565086],
                [0.356019,0.541481],
                [0.377656,0.583500],
                [0.377656,0.583500],
                [0.356019,0.541481],
                [0.477277,0.502132],
                [0.480697,0.508542],
                [0.477277,0.502132],
                [0.356019,0.541481],
                [0.348662,0.495022],
                [0.476063,0.495022],
                [0.356019,0.541481],
                [0.281198,0.565086],
                [0.270731,0.495022],
                [0.348662,0.495022],
                [0.204092,0.591982],
                [0.122453,0.618553],
                [0.102704,0.495024],
                [0.189086,0.495023],
                [0.122453,0.618553],
                [0.040795,0.645810],
                [0.015742,0.495037],
                [0.102704,0.495024],
                [0.015742,0.495037],
                [0.040792,0.344262],
                [0.122451,0.371494],
                [0.102704,0.495024],
                [0.102704,0.495024],
                [0.122451,0.371494],
                [0.204090,0.398063],
                [0.189086,0.495023],
                [0.270731,0.495022],
                [0.281197,0.424958],
                [0.356018,0.448563],
                [0.348662,0.495022],
                [0.348662,0.495022],
                [0.356018,0.448563],
                [0.477277,0.487911],
                [0.476063,0.495022],
                [0.477277,0.487911],
                [0.356018,0.448563],
                [0.377655,0.406544],
                [0.480697,0.481502],
                [0.356018,0.448563],
                [0.281197,0.424958],
                [0.314410,0.360617],
                [0.377655,0.406544],
                [0.281197,0.424958],
                [0.204090,0.398063],
                [0.248930,0.312373],
                [0.314410,0.360617],
                [0.204090,0.398063],
                [0.122451,0.371494],
                [0.180140,0.261732],
                [0.248930,0.312373],
                [0.122451,0.371494],
                [0.040792,0.344262],
                [0.111565,0.210863],
                [0.180140,0.261732],
                [0.111565,0.210863],
                [0.218456,0.105706],
                [0.267875,0.174843],
                [0.180140,0.261732],
                [0.180140,0.261732],
                [0.267875,0.174843],
                [0.317597,0.244087],
                [0.248930,0.312373],
                [0.248930,0.312373],
                [0.317597,0.244087],
                [0.365333,0.309783],
                [0.314410,0.360617],
                [0.314410,0.360617],
                [0.365333,0.309783],
                [0.411158,0.373123],
                [0.377655,0.406544],
                [0.377655,0.406544],
                [0.411158,0.373123],
                [0.485992,0.476349],
                [0.480697,0.481502],
                [0.485992,0.476349],
                [0.411158,0.373123],
                [0.453382,0.351723],
                [0.492642,0.473047],
                [0.411158,0.373123],
                [0.365333,0.309783],
                [0.429730,0.277310],
                [0.453382,0.351723],
                [0.365333,0.309783],
                [0.317597,0.244087],
                [0.403689,0.200935],
                [0.429730,0.277310],
                [0.317597,0.244087],
                [0.267875,0.174843],
                [0.378054,0.119953],
                [0.403689,0.200935],
                [0.267875,0.174843],
                [0.218456,0.105706],
                [0.352243,0.039132],
                [0.378054,0.119953],
                [0.352243,0.039132],
                [0.496026,0.017688],
                [0.500002,0.100648],
                [0.378054,0.119953],
                [0.378054,0.119953],
                [0.500002,0.100648],
                [0.500002,0.185986],
                [0.403689,0.200935],
                [0.429730,0.277310],
                [0.500001,0.266379],
                [0.500001,0.344347],
                [0.453382,0.351723],
                [0.453382,0.351723],
                [0.500001,0.344347],
                [0.500001,0.471903],
                [0.492642,0.473047],
                [0.500001,0.471903],
                [0.500001,0.344347],
                [0.546620,0.351723],
                [0.507360,0.473047],
                [0.500001,0.344347],
                [0.500001,0.266379],
                [0.570273,0.277310],
                [0.546620,0.351723],
                [0.500002,0.185986],
                [0.500002,0.100648],
                [0.621949,0.119954],
                [0.596314,0.200935],
                [0.500002,0.100648],
                [0.496026,0.017688],
                [0.643761,0.041102],
                [0.621949,0.119954],
                [0.643761,0.041102],
                [0.777547,0.107677],
                [0.732128,0.174844],
                [0.621949,0.119954],
                [0.621949,0.119954],
                [0.732128,0.174844],
                [0.682405,0.244088],
                [0.596314,0.200935],
                [0.596314,0.200935],
                [0.682405,0.244088],
                [0.634669,0.309784],
                [0.570273,0.277310],
                [0.570273,0.277310],
                [0.634669,0.309784],
                [0.588844,0.373123],
                [0.546620,0.351723],
                [0.546620,0.351723],
                [0.588844,0.373123],
                [0.514010,0.476349],
                [0.507360,0.473047],
                [0.514010,0.476349],
                [0.588844,0.373123],
                [0.622347,0.406544],
                [0.519305,0.481502],
                [0.588844,0.373123],
                [0.634669,0.309784],
                [0.685592,0.360617],
                [0.622347,0.406544],
                [0.634669,0.309784],
                [0.682405,0.244088],
                [0.751072,0.312374],
                [0.685592,0.360617],
                [0.682405,0.244088],
                [0.732128,0.174844],
                [0.819862,0.261734],
                [0.751072,0.312374],
                [0.732128,0.174844],
                [0.777547,0.107677],
                [0.884436,0.212834],
                [0.819862,0.261734],
                [0.884436,0.212834],
                [0.955209,0.346232],
                [0.877550,0.371495],
                [0.819862,0.261734],
                [0.819862,0.261734],
                [0.877550,0.371495],
                [0.795911,0.398064],
                [0.751072,0.312374],
                [0.751072,0.312374],
                [0.795911,0.398064],
                [0.718804,0.424959],
                [0.685592,0.360617],
                [0.685592,0.360617],
                [0.718804,0.424959],
                [0.643984,0.448563],
                [0.622347,0.406544],
                [0.622347,0.406544],
                [0.643984,0.448563],
                [0.522725,0.487912],
                [0.519305,0.481502],
                [0.651340,0.495022],
                [0.523940,0.495022],
                [0.522725,0.487912],
                [0.643984,0.448563],
                [0.643984,0.448563],
                [0.718804,0.424959],
                [0.729270,0.495022],
                [0.651340,0.495022],
                [0.795911,0.398064],
                [0.877550,0.371495],
                [0.897298,0.495024],
                [0.810915,0.495023],
                [0.877550,0.371495],
                [0.955209,0.346232],
                [0.980258,0.497006],
                [0.897298,0.495024],
                [0.592116,0.931475],
                [0.581890,0.931471],
                [0.582195,0.000874],
                [0.592464,0.000877],
                [0.602347,0.931478],
                [0.592116,0.931475],
                [0.592464,0.000877],
                [0.602733,0.000881],
                [0.612585,0.931482],
                [0.602347,0.931478],
                [0.602733,0.000881],
                [0.613002,0.000884],
                [0.622831,0.931486],
                [0.612585,0.931482],
                [0.613002,0.000884],
                [0.623271,0.000889],
                [0.428133,0.011105],
                [0.428346,0.000857],
                [0.414001,0.913590],
                [0.413787,0.923857],
                [0.438566,0.931460],
                [0.428315,0.931462],
                [0.428133,0.000861],
                [0.438404,0.000860],
                [0.448811,0.931459],
                [0.438566,0.931460],
                [0.438404,0.000860],
                [0.448676,0.000858],
                [0.459050,0.931458],
                [0.448811,0.931459],
                [0.448676,0.000858],
                [0.458948,0.000858],
                [0.469280,0.931457],
                [0.459050,0.931458],
                [0.458948,0.000858],
                [0.469220,0.000857],
                [0.479507,0.931457],
                [0.469280,0.931457],
                [0.469220,0.000857],
                [0.479491,0.000857],
                [0.489733,0.931457],
                [0.479507,0.931457],
                [0.479491,0.000857],
                [0.489763,0.000857],
                [0.499964,0.931457],
                [0.489733,0.931457],
                [0.489763,0.000857],
                [0.500035,0.000858],
                [0.510202,0.931457],
                [0.499964,0.931457],
                [0.500035,0.000858],
                [0.510307,0.000858],
                [0.520448,0.931458],
                [0.510202,0.931457],
                [0.510307,0.000858],
                [0.520578,0.000860],
                [0.530698,0.931459],
                [0.520448,0.931458],
                [0.520578,0.000860],
                [0.530850,0.000861],
                [0.540948,0.931461],
                [0.530698,0.931459],
                [0.530850,0.000861],
                [0.541119,0.000863],
                [0.551194,0.931463],
                [0.540948,0.931461],
                [0.541119,0.000863],
                [0.551388,0.000865],
                [0.561432,0.931466],
                [0.551194,0.931463],
                [0.551388,0.000865],
                [0.561657,0.000868],
                [0.571663,0.931469],
                [0.561432,0.931466],
                [0.561657,0.000868],
                [0.571926,0.000871],
                [0.581890,0.931471],
                [0.571663,0.931469],
                [0.571926,0.000871],
                [0.582195,0.000874]
            ],
            #faces =
            [
                [5,6,7,4],
                [4,7,8,3],
                [2,9,10,1],
                [11,0,1,10],
                [11,10,13,12],
                [10,9,14,13],
                [9,8,15,14],
                [8,7,16,15],
                [7,6,17,16],
                [17,18,19,16],
                [16,19,20,15],
                [15,20,21,14],
                [14,21,22,13],
                [13,22,23,12],
                [23,22,25,24],
                [22,21,26,25],
                [21,20,27,26],
                [20,19,28,27],
                [19,18,29,28],
                [29,30,31,28],
                [28,31,32,27],
                [26,33,34,25],
                [25,34,35,24],
                [35,34,37,36],
                [34,33,38,37],
                [32,31,40,39],
                [31,30,41,40],
                [41,42,43,40],
                [40,43,44,39],
                [39,44,45,38],
                [38,45,46,37],
                [37,46,47,36],
                [47,46,49,48],
                [46,45,50,49],
                [45,44,51,50],
                [44,43,52,51],
                [43,42,53,52],
                [53,54,55,52],
                [52,55,56,51],
                [51,56,57,50],
                [50,57,58,49],
                [49,58,59,48],
                [59,58,61,60],
                [58,57,62,61],
                [56,55,64,63],
                [55,54,65,64],
                [65,66,67,64],
                [64,67,68,63],
                [62,69,70,61],
                [61,70,71,60],
                [71,70,73,72],
                [70,69,74,73],
                [69,68,75,74],
                [68,67,76,75],
                [67,66,77,76],
                [77,78,79,76],
                [76,79,80,75],
                [75,80,81,74],
                [74,81,82,73],
                [73,82,83,72],
                [83,82,85,84],
                [82,81,86,85],
                [81,80,87,86],
                [80,79,88,87],
                [79,78,89,88],
                [89,90,91,88],
                [88,91,92,87],
                [86,93,94,85],
                [85,94,95,84],
                [95,94,97,96],
                [94,93,98,97],
                [92,91,100,99],
                [91,90,101,100],
                [101,102,103,100],
                [100,103,104,99],
                [99,104,105,98],
                [98,105,106,97],
                [97,106,107,96],
                [107,106,109,108],
                [106,105,110,109],
                [105,104,111,110],
                [104,103,112,111],
                [103,102,113,112],
                [113,114,115,112],
                [112,115,116,111],
                [111,116,117,110],
                [110,117,118,109],
                [109,118,119,108],
                [1,0,119,118],
                [118,117,2,1],
                [116,115,4,3],
                [115,114,5,4],
                [119,0,139,120],
                [108,119,120,121],
                [107,108,121,122],
                [96,107,122,123],
                [95,96,123,124],
                [84,95,124,125],
                [83,84,125,126],
                [72,83,126,127],
                [71,72,127,128],
                [60,71,128,129],
                [59,60,129,130],
                [48,59,130,131],
                [47,48,131,132],
                [36,47,132,133],
                [35,36,133,134],
                [24,35,134,135],
                [23,24,135,136],
                [12,23,136,137],
                [11,12,137,138],
                [0,11,138,139]
            ]
        ],

        #part4_pads =
        [
            #tex = "generator_pads",
            #flatshading = 0,
            #twosided = 0,
            #blended = 0,
            #normalsmode = 1,
            #texcoordsmode = 1,
            #vertices =
            [
                [0.707179,0.004542,0.875453],
                [0.707179,0.082159,0.875453],
                [0.769503,0.027977,0.938783],
                [0.769088,0.004542,0.938358],
                [0.707179,0.004542,0.875453],
                [0.864709,0.004542,0.723274],
                [0.926620,0.004542,0.786179],
                [0.927032,0.027977,0.786599],
                [0.864709,0.082159,0.723274],
                [0.149194,0.082159,0.279990],
                [0.086871,0.027977,0.216664],
                [0.087284,0.004542,0.217085],
                [0.149194,0.004542,0.279990],
                [0.306725,0.004542,0.127811],
                [0.244816,0.004542,0.064905],
                [0.244400,0.027977,0.064481],
                [0.306725,0.082159,0.127811],
                [0.306725,0.004542,0.127811],
                [0.135528,0.004542,0.699919],
                [0.135528,0.082159,0.699919],
                [0.072198,0.027977,0.762243],
                [0.072623,0.004542,0.761828],
                [0.135528,0.004542,0.699919],
                [0.287707,0.004542,0.857449],
                [0.224802,0.004542,0.919359],
                [0.224382,0.027977,0.919772],
                [0.287707,0.082159,0.857449],
                [0.730991,0.082159,0.141934],
                [0.794317,0.027977,0.079611],
                [0.793896,0.004542,0.080024],
                [0.730991,0.004542,0.141934],
                [0.883170,0.004542,0.299464],
                [0.946076,0.004542,0.237555],
                [0.946500,0.027977,0.237140],
                [0.883170,0.082159,0.299464],
                [0.883170,0.004542,0.299464]
            ],
            #normals =
            [
                [0.462335,0.000000,0.886705],
                [-0.087530,0.712721,0.695965],
                [0.049379,0.379074,0.924048],
                [-0.020753,-0.017610,0.999630],
                [-0.712745,0.000000,0.701423],
                [0.712715,0.000000,-0.701454],
                [0.999832,-0.017762,0.004486],
                [0.922438,0.379352,0.072116],
                [0.692720,0.718051,-0.067386],
                [-0.692720,0.718051,0.067386],
                [-0.922438,0.379352,-0.072116],
                [-0.999832,-0.017762,-0.004486],
                [-0.712715,0.000000,0.701454],
                [0.712745,0.000000,-0.701423],
                [0.020753,-0.017610,-0.999630],
                [-0.049379,0.379074,-0.924048],
                [0.087530,0.712721,-0.695965],
                [-0.482073,0.000000,-0.876131],
                [-0.878627,0.000000,0.477509],
                [-0.695965,0.712721,-0.087530],
                [-0.924048,0.379074,0.049379],
                [-0.999630,-0.017610,-0.020753],
                [-0.701423,0.000000,-0.712745],
                [0.701454,0.000000,0.712715],
                [-0.004486,-0.017762,0.999832],
                [-0.072116,0.379352,0.922438],
                [0.067386,0.718051,0.692720],
                [-0.067386,0.718051,-0.692720],
                [0.072116,0.379352,-0.922438],
                [0.004486,-0.017762,-0.999832],
                [-0.701454,0.000000,-0.712715],
                [0.701423,0.000000,0.712745],
                [0.999630,-0.017610,0.020753],
                [0.924048,0.379074,-0.049379],
                [0.695965,0.712721,0.087530],
                [0.884397,0.000000,-0.466736]
            ],
            #texcoords =
            [
                [0.024369,0.427861],
                [0.194467,0.055955],
                [0.194535,0.796103],
                [0.180273,0.945974],
                [0.000000,0.000000],
                [0.000000,0.000000],
                [0.000000,0.000000],
                [0.794769,0.793953],
                [0.194535,0.796103],
                [0.194467,0.055955],
                [0.796377,0.056906],
                [0.795334,0.952172],
                [0.180273,0.945974],
                [0.194535,0.796103],
                [0.794769,0.793953],
                [0.971741,0.445572],
                [0.795334,0.952172],
                [0.794769,0.793953],
                [0.796377,0.056906],
                [0.000000,1.000000],
                [0.000000,0.000000],
                [0.000000,0.000000],
                [0.975236,0.442985],
                [0.800067,0.957043],
                [0.797111,0.803330],
                [0.798604,0.062617],
                [0.000000,0.000000],
                [0.000000,1.000000],
                [0.000000,0.000000],
                [0.800067,0.957043],
                [0.180328,0.947371],
                [0.196389,0.801538],
                [0.797111,0.803330],
                [0.195053,0.064413],
                [0.798604,0.062617],
                [0.797111,0.803330],
                [0.196389,0.801538],
                [0.000000,0.000000],
                [0.000000,0.000000],
                [0.000000,0.000000],
                [0.026106,0.443511],
                [0.195053,0.064413],
                [0.196389,0.801538],
                [0.180328,0.947371],
                [0.028619,0.444896],
                [0.196131,0.070479],
                [0.195236,0.797653],
                [0.178870,0.943047],
                [0.010000,0.348033],
                [0.846517,0.693981],
                [0.010000,0.348033],
                [0.793571,0.808155],
                [0.195236,0.797653],
                [0.196131,0.070479],
                [0.795551,0.066054],
                [0.800498,0.952392],
                [0.178870,0.943047],
                [0.195236,0.797653],
                [0.793571,0.808155],
                [0.975623,0.443723],
                [0.800498,0.952392],
                [0.793571,0.808155],
                [0.795551,0.066054],
                [0.010000,0.348033],
                [0.010000,0.348033],
                [0.010000,0.348033],
                [0.971545,0.439140],
                [0.792308,0.958384],
                [0.793059,0.804493],
                [0.793048,0.064759],
                [0.000000,0.000000],
                [0.000000,1.000000],
                [0.000000,0.000000],
                [0.792308,0.958384],
                [0.180960,0.944482],
                [0.191991,0.790651],
                [0.793059,0.804493],
                [0.192832,0.059878],
                [0.793048,0.064759],
                [0.793059,0.804493],
                [0.191991,0.790651],
                [0.000000,0.000000],
                [0.000000,0.000000],
                [0.000000,0.000000],
                [0.025099,0.437805],
                [0.192832,0.059878],
                [0.191991,0.790651],
                [0.180960,0.944482]
            ],
            #faces =
            [
                [5,8,7,6],
                [0,5,4],
                [2,7,8,1],
                [3,6,7,2],
                [4,3,2,1],
                [1,0,4],
                [13,14,15,16],
                [13,16,17],
                [14,11,10,15],
                [9,16,15,10],
                [17,12,13],
                [12,9,10,11],
                [23,26,25,24],
                [18,23,22],
                [20,25,26,19],
                [21,24,25,20],
                [22,21,20,19],
                [19,18,22],
                [31,32,33,34],
                [31,34,35],
                [32,29,28,33],
                [27,34,33,28],
                [35,30,31],
                [30,27,28,29]
            ]
        ]
    ]
]
